0 153.04199218750014
1 153.0895996093751
2 153.01696777343759
3 152.84729003906264
4 152.6721191406251
5 152.44140625000014
6 152.1624755859376
7 151.81579589843764
8 151.4233398437501
9 151.0363769531251
10 150.6060791015626
11 150.10498046875014
12 149.54101562500009
13 149.00878906250009
14 148.35693359375017
15 147.6422119140626
16 146.9586181640626
17 146.15844726562517
18 145.2764892578126
19 144.3811035156251
20 143.54919433593767
21 142.5976562500001
22 141.54907226562514
23 140.59326171875009
24 139.54772949218759
25 138.4582519531251
26 137.3352050781251
27 136.18591308593764
28 134.86389160156259
29 133.57971191406259
30 132.2589111328126
31 130.8880615234376
32 129.50561523437509
33 128.10668945312509
34 126.6436767578126
35 125.15930175781259
36 123.60778808593761
37 122.1234130859376
38 120.49682617187511
39 118.78540039062509
40 117.17163085937507
41 115.46203613281261
42 113.70178222656257
43 111.92749023437511
44 110.00671386718756
45 108.24951171875009
46 106.29089355468757
47 104.31762695312507
48 102.49084472656259
49 100.48889160156257
50 98.48999023437506
51 96.43920898437506
52 94.32922363281254
53 92.22595214843757
54 90.14709472656257
55 88.05297851562507
56 85.79162597656256
57 83.62731933593756
58 81.42089843750007
59 79.18395996093757
60 76.96960449218757
61 74.69055175781256
62 72.37304687500004
63 69.98474121093756
64 67.67578125000007
65 65.32653808593757
66 63.08227539062504
67 60.55297851562506
68 57.99743652343752
69 55.638427734375036
70 53.14514160156254
71 50.64392089843754
72 48.28308105468752
73 45.71594238281253
74 43.12805175781251
75 40.635986328124986
76 38.054809570312514
77 35.66406250000005
78 33.00781250000001
79 30.451660156249993
80 27.853393554687518
81 25.343017578125025
82 22.755737304687496
83 20.094604492187475
84 17.500610351562518
85 14.807739257812498
86 12.284545898437498
87 9.677124023437507
88 7.188720703124995
89 4.428100585937504
90 1.7480468750000027
91 -0.8142089843750298
92 -3.3526611328125213
93 -6.018676757812504
94 -8.708496093750014
95 -11.313476562500032
96 -13.889160156250021
97 -16.408691406250018
98 -18.951416015625032
99 -21.63574218750002
100 -24.116210937500007
101 -26.60766601562503
102 -29.18762207031252
103 -31.76208496093752
104 -34.29748535156253
105 -36.82800292968756
106 -39.28649902343755
107 -41.78955078125006
108 -44.273071289062536
109 -46.743164062500064
110 -49.147949218750064
111 -51.684570312500064
112 -54.04968261718755
113 -56.49230957031255
114 -58.95385742187508
115 -61.18286132812506
116 -63.652343750000064
117 -65.85693359375006
118 -68.16894531250007
119 -70.43518066406257
120 -72.75329589843757
121 -75.05310058593756
122 -77.13500976562509
123 -79.40002441406256
124 -81.60034179687509
125 -83.71276855468757
126 -85.84960937500011
127 -87.94006347656259
128 -90.0262451171876
129 -91.96655273437509
130 -94.00756835937509
131 -95.92529296875009
132 -97.9034423828126
133 -99.82177734375009
134 -101.63330078125009
135 -103.5064697265626
136 -105.37414550781261
137 -107.1728515625001
138 -108.91052246093757
139 -110.7110595703126
140 -112.28759765625011
141 -114.02404785156259
142 -115.56762695312513
143 -117.23083496093761
144 -118.6926269531251
145 -120.1336669921876
146 -121.6961669921876
147 -123.13781738281261
148 -124.4104003906251
149 -125.84472656250017
150 -127.14416503906261
151 -128.45947265625014
152 -129.70886230468764
153 -130.9033203125001
154 -132.0037841796876
155 -133.02551269531259
156 -134.07470703125014
157 -135.14282226562514
158 -136.1926269531251
159 -137.18627929687514
160 -138.05236816406264
161 -138.89038085937509
162 -139.77905273437514
163 -140.4675292968751
164 -141.21093750000014
165 -141.9207763671876
166 -142.5708007812501
167 -143.13110351562514
168 -143.73107910156264
169 -144.20654296875017
170 -144.6710205078126
171 -145.0421142578126
172 -145.43823242187514
173 -145.74157714843767
174 -146.01684570312517
175 -146.2707519531251
176 -146.41113281250017
177 -146.61071777343764
178 -146.64855957031264
179 -146.64245605468764
