0 452.72094726562494
1 452.7581787109374
2 452.3663330078125
3 451.94213867187494
4 451.38427734375
5 450.80383300781244
6 449.85839843749994
7 449.04296874999994
8 447.86254882812494
9 446.7224121093749
10 445.250244140625
11 443.8616943359374
12 442.08801269531244
13 440.29541015624994
14 438.55712890624994
15 436.3232421874999
16 434.080810546875
17 431.79870605468744
18 429.1973876953124
19 426.82556152343744
20 424.2504882812499
21 421.3427734375
22 418.4564208984374
23 415.33081054687494
24 411.9958496093749
25 408.7786865234374
26 405.4541015624999
27 401.7077636718749
28 397.97790527343733
29 394.2315673828124
30 390.26123046874994
31 386.3055419921874
32 381.9073486328124
33 377.8430175781249
34 373.1848144531249
35 368.8250732421874
36 364.06799316406233
37 359.89685058593733
38 354.75708007812483
39 349.51416015624983
40 344.6801757812499
41 339.48303222656233
42 334.2224121093749
43 328.7921142578124
44 323.2983398437499
45 317.81005859374983
46 311.97937011718733
47 306.5014648437498
48 300.82458496093733
49 294.56909179687483
50 288.6999511718749
51 282.5213623046873
52 276.2756347656248
53 269.9676513671874
54 263.69750976562494
55 257.32604980468756
56 250.75378417968764
57 244.21813964843764
58 237.3339843750002
59 230.49499511718767
60 224.0332031250002
61 217.1594238281252
62 209.93652343750014
63 203.20922851562517
64 196.21765136718767
65 189.03503417968764
66 181.80114746093767
67 174.48669433593767
68 167.2698974609376
69 159.5739746093751
70 152.6483154296876
71 145.0195312500001
72 137.62207031250014
73 129.86938476562509
74 122.24731445312509
75 114.8413085937501
76 107.37976074218759
77 99.81445312500006
78 91.87255859375006
79 84.14245605468759
80 76.40930175781256
81 68.58825683593756
82 60.63903808593754
83 53.05358886718752
84 45.300903320312536
85 37.266235351562536
86 29.744873046875014
87 21.546630859374996
88 14.286499023437486
89 6.278686523437507
90 -1.7700195312500209
91 -9.441528320312521
92 -17.55310058593754
93 -25.299072265625043
94 -33.10180664062506
95 -40.896606445312564
96 -48.90502929687504
97 -56.43676757812507
98 -64.05334472656257
99 -72.10266113281259
100 -79.61242675781257
101 -87.58178710937507
102 -95.36987304687509
103 -102.88696289062507
104 -110.50231933593763
105 -118.0859375000001
106 -125.59814453125013
107 -133.0267333984376
108 -140.44860839843764
109 -148.27148437500014
110 -155.32104492187509
111 -162.88635253906264
112 -170.04760742187517
113 -177.04406738281267
114 -184.47326660156267
115 -191.3665771484377
116 -198.92395019531267
117 -205.6054687500002
118 -212.36938476562517
119 -219.45678710937523
120 -226.0736083984377
121 -232.9107666015625
122 -239.34875488281247
123 -246.28540039062494
124 -252.50122070312486
125 -259.1046142578123
126 -265.36743164062483
127 -271.72790527343733
128 -277.87414550781233
129 -284.01855468749983
130 -289.86450195312483
131 -296.1669921874999
132 -301.44592285156233
133 -307.39074707031233
134 -312.98645019531233
135 -319.00085449218733
136 -324.06921386718733
137 -329.30603027343733
138 -334.7308349609374
139 -339.6551513671874
140 -345.0628662109374
141 -349.8461914062499
142 -354.7320556640624
143 -359.5581054687499
144 -363.9910888671874
145 -368.37463378906244
146 -372.77221679687494
147 -376.85729980468733
148 -381.3677978515624
149 -385.1293945312499
150 -389.34204101562494
151 -393.1182861328124
152 -396.58630371093744
153 -399.8779296874999
154 -403.80126953124994
155 -406.9152832031249
156 -410.1123046874999
157 -413.36730957031244
158 -416.21154785156244
159 -418.93798828124994
160 -421.70898437499994
161 -424.04357910156244
162 -426.630859375
163 -428.70666503906244
164 -431.24999999999994
165 -433.01147460937494
166 -434.93408203124994
167 -436.6455078125
168 -438.328857421875
169 -439.7222900390625
170 -441.1102294921875
171 -442.48779296874994
172 -443.470458984375
173 -444.451904296875
174 -445.20751953124994
175 -445.8776855468749
176 -446.39892578124994
177 -446.9342041015625
178 -447.03674316406256
179 -447.21618652343756
