0 452.59460449218744
1 452.5646972656249
2 452.19543457031244
3 451.903076171875
4 451.2481689453125
5 450.7110595703125
6 449.6923828124999
7 448.88000488281244
8 447.6885986328124
9 446.51977539062494
10 445.18432617187494
11 443.88000488281244
12 442.01843261718744
13 440.3326416015625
14 438.3300781249999
15 436.2750244140624
16 434.20349121093744
17 431.73950195312494
18 429.49829101562494
19 426.8902587890624
20 424.3035888671874
21 421.44775390624994
22 418.49060058593744
23 415.37353515625
24 412.09228515624983
25 408.83239746093744
26 405.3698730468749
27 401.7547607421874
28 397.96203613281244
29 394.3402099609374
30 390.5999755859374
31 386.3684082031249
32 382.21069335937483
33 377.62573242187494
34 373.6175537109374
35 368.9929199218749
36 364.4110107421874
37 359.7052001953124
38 354.90600585937483
39 350.07263183593733
40 344.9151611328124
41 339.66247558593733
42 334.51660156249983
43 329.08020019531233
44 323.79699707031233
45 318.3996582031249
46 312.27844238281233
47 306.89208984374983
48 301.2536621093748
49 295.08300781249983
50 288.98254394531233
51 282.9394531249998
52 276.4111328124998
53 270.3863525390624
54 264.097900390625
55 257.62634277343756
56 251.1547851562501
57 244.51171875000017
58 237.8961181640627
59 231.0717773437502
60 224.3585205078127
61 217.6861572265627
62 210.56030273437514
63 203.52233886718767
64 196.82739257812517
65 189.33837890625014
66 182.24121093750017
67 175.27893066406264
68 167.56652832031267
69 160.41748046875014
70 152.98767089843764
71 145.5090332031251
72 138.2232666015626
73 130.53161621093756
74 123.1152343750001
75 115.5963134765626
76 108.38989257812509
77 100.05920410156257
78 92.66479492187506
79 84.82910156250009
80 77.30834960937504
81 69.44030761718756
82 61.59545898437503
83 53.740234375000014
84 45.82092285156252
85 38.601684570312514
86 30.19836425781253
87 22.2393798828125
88 14.734497070312527
89 6.618041992187494
90 -1.3275146484375069
91 -8.931274414062509
92 -16.85058593750002
93 -24.69177246093753
94 -32.46520996093756
95 -40.36682128906255
96 -47.886352539062536
97 -56.04248046875006
98 -63.51989746093756
99 -71.23535156250007
100 -78.96911621093759
101 -86.93542480468759
102 -94.4360351562501
103 -102.15759277343757
104 -109.64782714843761
105 -117.24060058593763
106 -124.81140136718759
107 -132.45727539062514
108 -139.99023437500014
109 -147.42797851562514
110 -154.52270507812514
111 -162.02148437500017
112 -169.2999267578127
113 -176.69372558593764
114 -183.69567871093767
115 -190.59875488281267
116 -197.6971435546877
117 -204.9932861328127
118 -211.90368652343767
119 -218.7670898437502
120 -225.19653320312523
121 -232.21618652343756
122 -238.621826171875
123 -245.38940429687491
124 -251.83532714843736
125 -258.61022949218733
126 -264.83520507812483
127 -271.1102294921873
128 -277.35534667968733
129 -283.47229003906233
130 -289.37499999999983
131 -295.08056640624983
132 -301.14929199218733
133 -306.90185546874983
134 -312.30407714843733
135 -318.1243896484374
136 -323.6132812499999
137 -328.8012695312499
138 -334.17907714843733
139 -339.3548583984374
140 -344.2675781249999
141 -349.2462158203124
142 -354.0875244140624
143 -358.7384033203124
144 -363.3630371093749
145 -367.9907226562499
146 -372.23022460937494
147 -376.5808105468749
148 -380.5816650390624
149 -384.6929931640624
150 -388.3160400390624
151 -392.5024414062499
152 -396.15539550781244
153 -399.79064941406244
154 -403.16711425781244
155 -406.71325683593744
156 -409.6844482421875
157 -412.83508300781244
158 -415.66284179687494
159 -418.47961425781244
160 -421.26708984374994
161 -423.79516601562494
162 -426.17980957031244
163 -428.65234374999994
164 -430.62438964843744
165 -432.76245117187494
166 -434.65576171875
167 -436.65344238281244
168 -437.9534912109374
169 -439.54162597656244
170 -440.94970703124994
171 -441.95007324218744
172 -443.30627441406244
173 -444.1027832031249
174 -444.87548828125
175 -445.55969238281244
176 -446.1932373046874
177 -446.6217041015625
178 -447.01293945312494
179 -447.1588134765625
