0 601.6125488281252
1 601.7596435546877
2 601.3983154296876
3 601.1114501953125
4 600.2423095703125
5 599.3853759765626
6 598.4643554687501
7 597.1942138671875
8 595.732421875
9 594.0875244140625
10 592.0166015625
11 590.595703125
12 588.1903076171875
13 585.6707763671876
14 583.4838867187501
15 580.628662109375
16 577.586669921875
17 574.7991943359376
18 571.42333984375
19 568.072509765625
20 564.6368408203125
21 561.0803222656251
22 557.0458984375001
23 552.8118896484375
24 548.753662109375
25 544.28466796875
26 539.7277832031251
27 534.852294921875
28 529.9609375000001
29 525.096435546875
30 519.7003173828125
31 514.6728515625
32 509.07104492187494
33 503.326416015625
34 497.196044921875
35 491.2786865234375
36 485.14892578125
37 478.64624023437506
38 472.6647949218749
39 466.16943359375
40 459.193115234375
41 452.3724365234374
42 445.48095703124994
43 438.436279296875
44 431.26098632812494
45 424.15222167968744
46 416.3024902343749
47 408.7170410156249
48 401.05590820312494
49 393.0303955078124
50 384.66552734374994
51 376.84875488281233
52 368.66943359374994
53 360.4461669921874
54 352.0245361328124
55 343.74572753906233
56 334.61242675781233
57 325.5041503906249
58 316.9189453124999
59 308.2708740234373
60 299.2456054687498
61 289.81140136718733
62 280.51879882812483
63 271.3165283203125
64 262.1673583984375
65 252.43041992187503
66 243.1958007812501
67 233.59130859375017
68 223.5015869140627
69 213.73779296875017
70 204.19067382812517
71 194.14733886718767
72 183.94104003906264
73 173.91479492187514
74 164.12719726562514
75 154.23950195312514
76 144.17663574218764
77 133.8958740234376
78 123.47656250000009
79 113.4411621093751
80 103.17260742187507
81 92.70935058593756
82 82.23754882812506
83 71.99462890625009
84 61.41906738281254
85 50.924072265625036
86 41.214599609375014
87 30.450439453125032
88 20.12390136718751
89 9.136962890624982
90 -1.0717773437499862
91 -11.69433593750002
92 -22.559814453125043
93 -32.24121093750003
94 -42.90283203125005
95 -53.18542480468757
96 -63.88366699218756
97 -74.00939941406257
98 -84.09362792968759
99 -94.9743652343751
100 -104.8840332031251
101 -115.5780029296876
102 -125.55603027343761
103 -135.9259033203126
104 -145.62072753906264
105 -155.86059570312514
106 -166.53991699218767
107 -175.91796875000017
108 -186.7077636718752
109 -196.22802734375017
110 -205.89782714843767
111 -215.8361816406252
112 -225.15441894531259
113 -235.1177978515625
114 -244.73999023437494
115 -254.0588378906249
116 -263.50097656249983
117 -272.8820800781249
118 -281.9750976562498
119 -291.2042236328123
120 -300.21179199218733
121 -309.3157958984374
122 -317.7996826171874
123 -326.64916992187483
124 -335.63049316406233
125 -344.1351318359374
126 -352.6049804687499
127 -360.7440185546874
128 -369.52392578124994
129 -377.34008789062494
130 -385.8312988281249
131 -393.31542968749994
132 -401.15600585937494
133 -408.7628173828124
134 -416.3385009765624
135 -423.82507324218744
136 -431.19567871093744
137 -438.32702636718744
138 -445.3118896484375
139 -451.9366455078125
140 -458.9276123046875
141 -465.2447509765625
142 -472.06054687500006
143 -478.17199707031244
144 -484.43115234375
145 -490.21911621093744
146 -496.26525878906256
147 -502.10815429687506
148 -507.45849609375006
149 -513.0151367187501
150 -518.2415771484374
151 -523.26171875
152 -528.1610107421875
153 -533.0108642578125
154 -537.4822998046874
155 -542.1246337890625
156 -546.2487792968751
157 -550.504150390625
158 -554.5080566406251
159 -558.1793212890626
160 -561.8603515625
161 -565.2587890625
162 -568.5595703125001
163 -571.5832519531251
164 -574.5404052734375
165 -577.1020507812501
166 -579.8016357421876
167 -582.04345703125
168 -584.2584228515626
169 -586.2988281250001
170 -588.0511474609376
171 -589.8406982421876
172 -591.2237548828125
173 -592.7734375000001
174 -593.9111328125002
175 -594.6295166015626
176 -595.4443359375001
177 -596.1322021484375
178 -596.6265869140626
179 -596.5576171875001
