0 452.60864257812494
1 452.56896972656244
2 452.29492187499994
3 451.90246582031244
4 451.30004882812494
5 450.65185546874994
6 449.65454101562494
7 448.89160156249994
8 447.7838134765624
9 446.60095214843744
10 445.1489257812499
11 443.7152099609374
12 441.99523925781244
13 440.047607421875
14 438.47961425781244
15 436.28051757812494
16 434.07470703124994
17 431.65588378906244
18 429.31213378906244
19 426.9940185546874
20 424.17236328124994
21 421.38000488281244
22 418.3142089843749
23 415.2301025390624
24 412.04650878906244
25 408.45825195312494
26 405.2856445312499
27 401.6674804687499
28 397.9064941406249
29 394.0026855468749
30 390.25756835937494
31 386.2811279296874
32 382.0330810546874
33 377.82897949218733
34 373.4619140624999
35 368.7670898437499
36 364.10156249999983
37 359.3621826171874
38 354.59960937499983
39 349.76013183593733
40 344.5379638671874
41 339.4659423828124
42 334.28955078124983
43 328.99780273437483
44 323.55102539062483
45 318.0828857421873
46 312.0837402343748
47 306.54846191406233
48 300.54565429687483
49 294.68505859374983
50 288.5375976562498
51 282.3760986328123
52 276.44531249999983
53 270.0836181640624
54 263.931884765625
55 257.35473632812506
56 250.74340820312514
57 244.35729980468764
58 237.45300292968767
59 230.65917968750023
60 224.0747070312502
61 217.07153320312523
62 210.31677246093767
63 203.33374023437517
64 196.11389160156267
65 189.02770996093764
66 181.84265136718767
67 174.40063476562514
68 167.28210449218767
69 159.79919433593764
70 152.73376464843764
71 145.13549804687514
72 137.70996093750009
73 130.15930175781259
74 122.72277832031261
75 115.25329589843759
76 107.4035644531251
77 100.12695312500009
78 92.22778320312509
79 84.53125000000007
80 76.94702148437506
81 68.79333496093753
82 61.35620117187504
83 53.36303710937501
84 45.524291992187536
85 37.652587890625036
86 29.922485351562543
87 22.171020507812482
88 14.180297851562502
89 6.215209960937499
90 -1.6394042968750113
91 -9.251708984375016
92 -17.34985351562503
93 -24.851074218750032
94 -32.811889648437564
95 -40.624389648437536
96 -48.48693847656255
97 -56.312866210937564
98 -63.99719238281256
99 -71.87744140625007
100 -79.66186523437507
101 -87.2546386718751
102 -94.8370361328126
103 -102.62939453125011
104 -110.24597167968761
105 -117.61840820312511
106 -125.32104492187513
107 -132.73193359375014
108 -140.24780273437514
109 -147.75878906250014
110 -154.96154785156267
111 -162.5579833984377
112 -169.68933105468764
113 -176.79931640625017
114 -184.58374023437517
115 -191.34582519531264
116 -198.1567382812502
117 -205.2166748046877
118 -212.1539306640627
119 -219.10949707031273
120 -225.6652832031252
121 -232.39807128906253
122 -239.07348632812497
123 -245.71105957031241
124 -252.37609863281236
125 -258.73046874999983
126 -265.31616210937483
127 -271.44165039062483
128 -277.65197753906233
129 -283.59863281249983
130 -289.70336914062483
131 -295.6237792968748
132 -301.4941406249998
133 -307.1350097656248
134 -312.87231445312483
135 -318.39599609374983
136 -323.77319335937483
137 -329.2163085937499
138 -334.2492675781249
139 -339.1278076171874
140 -344.5739746093749
141 -349.5129394531249
142 -354.1754150390624
143 -358.9074707031249
144 -363.65722656249983
145 -368.2885742187499
146 -372.48474121093744
147 -376.8865966796874
148 -380.9362792968749
149 -384.96582031249994
150 -389.01794433593744
151 -392.71667480468744
152 -396.33056640625
153 -399.89196777343744
154 -403.31298828124994
155 -406.8914794921874
156 -409.661865234375
157 -412.67700195312494
158 -415.88317871093744
159 -418.60656738281244
160 -421.3031005859374
161 -423.99047851562494
162 -426.2896728515624
163 -428.49365234374994
164 -430.81298828124994
165 -432.81372070312494
166 -434.5275878906249
167 -436.48559570312494
168 -438.1097412109375
169 -439.56298828124994
170 -440.9948730468749
171 -442.17407226562494
172 -443.31909179687494
173 -444.28527832031244
174 -445.09033203124994
175 -445.75683593749994
176 -446.22558593749994
177 -446.59851074218744
178 -446.87316894531244
179 -447.07275390625
