0 302.7148437499998
1 302.64709472656233
2 302.59521484374983
3 302.22839355468733
4 301.9714355468748
5 301.43127441406233
6 300.9747314453123
7 300.37658691406233
8 299.6063232421874
9 298.8684082031248
10 297.89367675781233
11 296.82617187499983
12 295.69641113281233
13 294.5306396484373
14 293.3380126953123
15 291.9506835937498
16 290.39733886718733
17 288.92150878906233
18 287.19360351562483
19 285.60607910156233
20 283.8006591796873
21 281.97998046874983
22 279.9920654296873
23 277.98645019531233
24 275.68847656249983
25 273.7731933593748
26 271.2603759765623
27 268.8964843749998
28 266.37817382812483
29 263.9556884765625
30 261.18896484375
31 258.58764648437506
32 255.65368652343756
33 252.94616699218764
34 250.08666992187517
35 246.90490722656273
36 243.95385742187523
37 240.77148437500023
38 237.53845214843767
39 234.26635742187517
40 230.98266601562517
41 227.53967285156267
42 223.80920410156273
43 220.42297363281267
44 216.85058593750017
45 213.0493164062502
46 209.3084716796877
47 205.31677246093767
48 201.65527343750017
49 197.60681152343767
50 193.76037597656264
51 189.50683593750017
52 185.48767089843764
53 181.08093261718767
54 177.02209472656264
55 172.71972656250014
56 168.41979980468767
57 164.0399169921876
58 159.9493408203126
59 155.13488769531264
60 150.69519042968764
61 146.07604980468764
62 141.4025878906251
63 136.87500000000014
64 131.9091796875001
65 127.38098144531263
66 122.6287841796876
67 117.65136718750009
68 112.74597167968759
69 107.96142578125009
70 103.10485839843761
71 98.11523437500009
72 93.02978515625007
73 87.99255371093759
74 83.10363769531259
75 77.86621093750006
76 72.80334472656256
77 67.85766601562506
78 62.74536132812506
79 57.60925292968752
80 52.17102050781255
81 47.36145019531256
82 41.995849609375036
83 36.99401855468753
84 31.887207031250018
85 26.348266601562518
86 21.18103027343748
87 15.87646484375001
88 10.817871093750018
89 5.447387695312493
90 0.30700683593749833
91 -4.869384765625005
92 -10.049438476562523
93 -15.437011718750028
94 -20.675659179687514
95 -25.792846679687525
96 -31.080932617187536
97 -36.25244140625007
98 -41.42822265625004
99 -46.62048339843754
100 -51.855468750000064
101 -56.986083984375064
102 -61.91711425781257
103 -67.00927734375003
104 -72.1099853515626
105 -77.34436035156259
106 -82.14660644531259
107 -87.42065429687507
108 -92.05993652343757
109 -97.22717285156257
110 -102.1264648437501
111 -106.91345214843759
112 -111.75537109375011
113 -116.64062500000011
114 -121.45629882812511
115 -126.10351562500016
116 -130.98999023437514
117 -135.39978027343764
118 -140.14343261718764
119 -144.74792480468764
120 -149.17236328125017
121 -153.83178710937514
122 -158.20129394531267
123 -162.60986328125014
124 -166.92382812500017
125 -171.15905761718767
126 -175.37231445312514
127 -179.67041015625017
128 -183.74755859375017
129 -187.77893066406267
130 -191.85974121093767
131 -195.65795898437517
132 -199.60937500000023
133 -203.42529296875017
134 -207.1417236328127
135 -210.8618164062502
136 -214.4097900390627
137 -218.0743408203127
138 -221.56982421875023
139 -224.88891601562523
140 -228.30688476562523
141 -231.59606933593767
142 -234.87731933593756
143 -237.930908203125
144 -241.09985351562497
145 -243.99963378906241
146 -247.10021972656236
147 -249.81384277343733
148 -252.63488769531233
149 -255.30700683593727
150 -257.87353515624983
151 -260.3131103515623
152 -262.83996582031233
153 -265.0488281249999
154 -267.45544433593733
155 -269.80895996093733
156 -271.85180664062483
157 -273.9208984374998
158 -275.93261718749983
159 -277.89916992187483
160 -279.6063232421874
161 -281.2445068359373
162 -282.9681396484373
163 -284.4647216796873
164 -285.8538818359373
165 -287.2827148437498
166 -288.53881835937483
167 -289.67529296874983
168 -290.8575439453124
169 -291.8084716796874
170 -292.68371582031233
171 -293.5015869140624
172 -294.3670654296873
173 -294.78759765624983
174 -295.4205322265623
175 -295.8575439453123
176 -296.15661621093733
177 -296.48925781249983
178 -296.74194335937483
179 -296.7779541015624
