0 153.1201171875001
1 153.1042480468751
2 153.0255126953126
3 152.8631591796876
4 152.7069091796876
5 152.46826171875017
6 152.23999023437509
7 151.8444824218751
8 151.46789550781264
9 151.06445312500014
10 150.60607910156264
11 150.12695312500014
12 149.5843505859376
13 149.0093994140626
14 148.33618164062514
15 147.64892578125017
16 146.94335937500014
17 146.14196777343764
18 145.2807617187501
19 144.42260742187514
20 143.5125732421876
21 142.59948730468759
22 141.59484863281264
23 140.65063476562509
24 139.49462890625009
25 138.4063720703126
26 137.3010253906251
27 136.06445312500009
28 134.8205566406251
29 133.51867675781259
30 132.1514892578126
31 130.7897949218751
32 129.40917968750014
33 127.99987792968759
34 126.5966796875001
35 125.0640869140626
36 123.53454589843763
37 121.89636230468759
38 120.38146972656261
39 118.73413085937509
40 117.07702636718759
41 115.37963867187509
42 113.57360839843757
43 111.83532714843761
44 109.90905761718761
45 108.1433105468751
46 106.24511718750007
47 104.30969238281259
48 102.16979980468759
49 100.43151855468757
50 98.39294433593757
51 96.35559082031259
52 94.12902832031259
53 92.14599609375004
54 89.98657226562507
55 87.82531738281256
56 85.69274902343757
57 83.50036621093757
58 81.21948242187507
59 78.93676757812507
60 76.75292968750006
61 74.46166992187506
62 72.15332031250006
63 69.84008789062504
64 67.52807617187504
65 65.17700195312504
66 62.793579101562536
67 60.329589843750014
68 57.908325195312536
69 55.479125976562514
70 52.871093750000014
71 50.43640136718752
72 48.01452636718754
73 45.46264648437502
74 43.05786132812504
75 40.47912597656254
76 37.93823242187505
77 35.341796875
78 32.86926269531253
79 30.23132324218754
80 27.593383789062525
81 25.036010742187496
82 22.546386718750007
83 19.904785156250046
84 17.285766601562464
85 14.710693359374991
86 12.081298828125021
87 9.511108398437498
88 6.802978515625023
89 4.173583984374975
90 1.6699218749999905
91 -1.046142578125013
92 -3.628540039062517
93 -6.275634765625003
94 -8.826293945312514
95 -11.48315429687503
96 -14.08691406250001
97 -16.635131835937514
98 -19.23889160156251
99 -21.740112304687543
100 -24.369506835937536
101 -26.95373535156254
102 -29.33776855468755
103 -31.976928710937532
104 -34.539184570312536
105 -37.00561523437505
106 -39.47937011718755
107 -41.99584960937505
108 -44.52758789062506
109 -46.81274414062506
110 -49.40673828125007
111 -51.992187500000064
112 -54.291381835937536
113 -56.72241210937506
114 -59.08264160156256
115 -61.49536132812507
116 -63.82629394531257
117 -66.15417480468756
118 -68.38623046875006
119 -70.64636230468757
120 -72.98583984375006
121 -75.20141601562507
122 -77.30895996093759
123 -79.6380615234376
124 -81.85180664062507
125 -83.93493652343761
126 -86.08764648437506
127 -88.09509277343757
128 -90.28137207031254
129 -92.2161865234376
130 -94.17846679687509
131 -96.1724853515626
132 -98.0859375000001
133 -100.0299072265626
134 -101.93542480468763
135 -103.7817382812501
136 -105.56091308593761
137 -107.35717773437511
138 -109.0728759765626
139 -110.90820312500007
140 -112.51953125000011
141 -114.18029785156261
142 -115.7458496093751
143 -117.3944091796876
144 -118.9025878906251
145 -120.37292480468761
146 -121.82739257812514
147 -123.28002929687513
148 -124.69970703125009
149 -126.04003906250009
150 -127.36511230468767
151 -128.59436035156264
152 -129.8962402343751
153 -130.9997558593751
154 -132.17529296875014
155 -133.21350097656267
156 -134.2755126953126
157 -135.3070068359376
158 -136.32385253906264
159 -137.19421386718767
160 -138.23852539062514
161 -138.99719238281267
162 -139.85534667968764
163 -140.64208984375014
164 -141.38427734375014
165 -142.01232910156264
166 -142.70446777343764
167 -143.27331542968767
168 -143.8110351562501
169 -144.36767578125014
170 -144.75524902343764
171 -145.1715087890626
172 -145.5285644531251
173 -145.7855224609376
174 -146.09741210937517
175 -146.37145996093759
176 -146.50512695312517
177 -146.57165527343767
178 -146.6955566406251
179 -146.7541503906251
