0 601.8621826171875
1 601.9219970703126
2 601.4788818359376
3 601.1828613281251
4 600.1544189453125
5 599.4293212890626
6 598.2049560546876
7 596.95068359375
8 595.5249023437501
9 593.9392089843751
10 592.0361328125001
11 590.2606201171876
12 587.9272460937501
13 585.557861328125
14 583.138427734375
15 580.3717041015626
16 577.3681640625001
17 574.3048095703125
18 571.1761474609376
19 567.7459716796875
20 564.2388916015625
21 560.384521484375
22 556.2860107421875
23 552.305908203125
24 548.0218505859375
25 543.6968994140625
26 538.8568115234376
27 534.171142578125
28 529.12353515625
29 524.0643310546875
30 519.173583984375
31 513.6444091796875
32 508.1536865234375
33 502.25585937499994
34 496.34460449218756
35 490.3302001953125
36 484.27978515625
37 477.626953125
38 471.2628173828124
39 464.7216796875
40 458.13781738281244
41 451.40563964843744
42 444.26086425781244
43 437.1453857421875
44 429.951171875
45 422.35473632812494
46 414.93164062499994
47 407.06604003906244
48 399.36584472656244
49 391.67419433593744
50 383.33007812499994
51 375.37902832031233
52 367.2070312499999
53 358.7231445312499
54 350.66040039062483
55 341.83959960937483
56 332.80517578124983
57 324.36584472656233
58 315.3948974609373
59 306.0809326171873
60 297.5421142578123
61 288.3209228515623
62 278.85681152343733
63 269.90478515624994
64 260.14404296875006
65 250.73669433593759
66 241.3452148437501
67 231.64306640625014
68 221.6253662109377
69 212.3425292968752
70 201.97631835937517
71 192.40600585937517
72 182.48840332031264
73 172.39135742187514
74 162.0507812500001
75 151.8554687500001
76 141.6979980468751
77 131.6296386718751
78 121.71630859375007
79 111.25854492187507
80 101.14685058593756
81 90.50720214843756
82 80.24047851562507
83 69.49584960937504
84 59.47143554687507
85 49.93286132812505
86 38.69201660156251
87 28.20861816406251
88 17.6141357421875
89 7.2827148437499964
90 -3.200683593749993
91 -13.910522460937523
92 -23.528442382812532
93 -34.567871093750036
94 -45.02868652343756
95 -55.27526855468754
96 -65.59265136718754
97 -75.81604003906257
98 -86.4855957031251
99 -96.7504882812501
100 -107.05200195312511
101 -117.5756835937501
102 -127.60253906250013
103 -138.0902099609376
104 -148.26843261718764
105 -157.88452148437514
106 -168.70666503906264
107 -178.16650390625017
108 -188.63952636718767
109 -197.6867675781252
110 -208.26171875000023
111 -217.8662109375002
112 -227.66662597656256
113 -237.09777832031247
114 -246.83105468749997
115 -256.2524414062499
116 -265.37353515624983
117 -274.74304199218733
118 -284.05761718749983
119 -293.2379150390623
120 -302.13745117187483
121 -311.4031982421874
122 -320.1214599609374
123 -328.9746093749999
124 -337.68432617187483
125 -346.4294433593749
126 -354.2926025390624
127 -363.0676269531249
128 -371.2493896484374
129 -379.4128417968749
130 -387.41455078124994
131 -395.2111816406249
132 -402.8204345703124
133 -410.63598632812494
134 -418.2336425781249
135 -425.49560546874994
136 -432.65991210937494
137 -440.08544921874994
138 -446.91589355468744
139 -453.563232421875
140 -460.61767578124994
141 -467.0599365234375
142 -473.6529541015625
143 -479.68811035156244
144 -485.83374023437506
145 -491.70776367187494
146 -497.67150878906244
147 -503.47595214843756
148 -509.03015136718756
149 -514.6044921874999
150 -519.613037109375
151 -524.4879150390625
152 -529.603271484375
153 -534.22119140625
154 -538.8311767578126
155 -543.1695556640625
156 -547.557373046875
157 -551.5124511718751
158 -555.5273437499999
159 -559.2425537109376
160 -562.9333496093751
161 -566.2316894531251
162 -569.2926025390625
163 -572.5164794921875
164 -575.181884765625
165 -578.12255859375
166 -580.6036376953125
167 -582.874755859375
168 -585.1641845703126
169 -587.0068359375
170 -588.6968994140626
171 -590.5114746093751
172 -591.8164062500001
173 -593.1298828125001
174 -594.097900390625
175 -595.2935791015626
176 -595.7519531250002
177 -596.4434814453126
178 -596.9067382812501
179 -597.0458984375
