0 302.66235351562483
1 302.74597167968733
2 302.6080322265623
3 302.28454589843733
4 301.88720703124983
5 301.4642333984373
6 300.87707519531233
7 300.33386230468733
8 299.7058105468748
9 298.87817382812483
10 297.86804199218733
11 296.93786621093733
12 295.9228515624998
13 294.6624755859373
14 293.47473144531233
15 292.07519531249983
16 290.6982421874997
17 289.1491699218748
18 287.3645019531248
19 285.80444335937483
20 284.01550292968733
21 282.1008300781248
22 280.2337646484373
23 278.15734863281233
24 276.0400390624997
25 273.9331054687498
26 271.5399169921873
27 269.22241210937483
28 266.7199707031249
29 264.15283203124994
30 261.5869140625
31 258.8604736328125
32 256.18774414062506
33 253.09387207031259
34 250.40222167968773
35 247.26867675781273
36 244.2401123046877
37 241.1767578125002
38 237.8594970703127
39 234.63623046875017
40 231.3171386718752
41 227.98278808593767
42 224.5147705078127
43 220.82763671875023
44 217.2912597656252
45 213.5302734375002
46 209.84069824218764
47 205.84594726562517
48 202.1496582031252
49 198.26477050781267
50 194.1467285156252
51 190.17578125000017
52 185.81420898437514
53 181.74377441406264
54 177.53906250000014
55 173.12683105468764
56 168.77929687500014
57 164.55078125000014
58 160.2160644531251
59 155.7824707031251
60 151.20483398437514
61 146.6394042968751
62 142.01904296875009
63 137.1136474609376
64 132.58544921875014
65 128.03710937500009
66 122.92602539062509
67 118.3679199218751
68 113.26721191406257
69 108.57116699218759
70 103.64013671875011
71 98.69506835937511
72 93.64074707031257
73 88.58459472656257
74 83.59802246093756
75 78.70544433593759
76 73.61816406250004
77 68.35327148437504
78 63.20312500000004
79 58.22326660156254
80 53.01452636718753
81 47.94189453125005
82 42.82714843750003
83 37.483520507812536
84 32.28332519531254
85 27.031249999999982
86 21.80786132812502
87 16.653442382812507
88 11.340942382812496
89 6.067504882812502
90 0.9039306640624724
91 -4.263305664062502
92 -9.55810546875002
93 -14.885253906250027
94 -20.026245117187532
95 -25.236206054687532
96 -30.379638671875057
97 -35.567016601562514
98 -40.91247558593756
99 -45.92590332031254
100 -51.157226562500085
101 -56.148681640625036
102 -61.24694824218757
103 -66.39953613281257
104 -71.6680908203126
105 -76.54174804687511
106 -81.63208007812507
107 -86.62292480468759
108 -91.71569824218759
109 -96.4678955078126
110 -101.35742187500007
111 -106.38183593750011
112 -111.25427246093761
113 -115.99304199218761
114 -120.83374023437513
115 -125.5828857421876
116 -130.3808593750001
117 -135.0891113281251
118 -139.47509765625017
119 -144.01794433593764
120 -148.58032226562514
121 -153.09204101562514
122 -157.64221191406264
123 -161.88537597656267
124 -166.31408691406264
125 -170.61401367187517
126 -175.04028320312517
127 -179.22729492187517
128 -183.2806396484377
129 -187.31140136718773
130 -191.4410400390627
131 -195.1623535156252
132 -199.1186523437502
133 -202.95532226562517
134 -206.67541503906273
135 -210.1477050781252
136 -214.1735839843752
137 -217.5921630859377
138 -221.1944580078127
139 -224.65515136718773
140 -227.9772949218752
141 -231.17919921875026
142 -234.39575195312506
143 -237.67333984375006
144 -240.62438964843747
145 -243.71032714843741
146 -246.76391601562486
147 -249.51354980468733
148 -252.3107910156248
149 -254.9291992187498
150 -257.6666259765623
151 -260.0396728515623
152 -262.48840332031233
153 -264.89440917968733
154 -267.2302246093748
155 -269.51721191406233
156 -271.56860351562483
157 -273.80615234374983
158 -275.61340332031233
159 -277.5769042968748
160 -279.3481445312498
161 -281.00036621093733
162 -282.6104736328123
163 -284.22302246093733
164 -285.62255859374983
165 -287.1966552734373
166 -288.3239746093749
167 -289.5697021484374
168 -290.67871093749983
169 -291.7132568359373
170 -292.57629394531233
171 -293.4368896484373
172 -294.0710449218749
173 -294.9133300781249
174 -295.2325439453123
175 -295.83923339843733
176 -296.1389160156249
177 -296.52709960937483
178 -296.78405761718733
179 -296.84082031249983
