0 302.7301025390623
1 302.75939941406233
2 302.57324218749983
3 302.2515869140623
4 301.9360351562498
5 301.3977050781248
6 300.9735107421873
7 300.18310546874983
8 299.56848144531233
9 298.7609863281248
10 297.81005859374983
11 296.80908203124983
12 295.7196044921874
13 294.5025634765623
14 293.34899902343733
15 291.8499755859373
16 290.30090332031233
17 288.86047363281233
18 287.17468261718733
19 285.4974365234373
20 283.64196777343733
21 281.80664062499983
22 279.86328124999983
23 277.8582763671873
24 275.6896972656248
25 273.3807373046873
26 271.2335205078123
27 268.7487792968747
28 266.2207031249998
29 263.79211425781244
30 261.1798095703125
31 258.49548339843756
32 255.66711425781264
33 252.6428222656251
34 249.86450195312517
35 246.6577148437502
36 243.67004394531273
37 240.6835937500002
38 237.37731933593773
39 234.2260742187502
40 230.82519531250017
41 227.3883056640627
42 223.7457275390627
43 220.2947998046877
44 216.72485351562514
45 212.94616699218767
46 209.1137695312502
47 205.2825927734377
48 201.4300537109377
49 197.53173828125017
50 193.17321777343764
51 189.26147460937514
52 185.15319824218764
53 180.9887695312501
54 176.82312011718764
55 172.59399414062514
56 168.01330566406264
57 163.91662597656264
58 159.29626464843764
59 154.94262695312514
60 150.41748046875014
61 145.8374023437501
62 141.20361328125014
63 136.53381347656259
64 131.8438720703126
65 126.97204589843761
66 122.2900390625001
67 117.45056152343761
68 112.69226074218759
69 107.66174316406256
70 102.7563476562501
71 97.88452148437509
72 92.89367675781259
73 88.00781250000004
74 82.88879394531256
75 77.69836425781259
76 72.61108398437504
77 67.43835449218754
78 62.51464843750004
79 57.25585937500005
80 52.20214843750003
81 46.59790039062504
82 41.734008789062514
83 36.705322265625036
84 31.46972656250002
85 26.140136718750004
86 20.942993164062514
87 15.719604492187488
88 10.444946289062507
89 5.233764648437507
90 -0.1165771484375154
91 -5.171508789062519
92 -10.569458007812539
93 -15.746459960937518
94 -20.63049316406252
95 -25.98022460937504
96 -31.43310546875005
97 -36.54357910156254
98 -41.63146972656255
99 -47.001953125000036
100 -51.96350097656255
101 -57.14050292968756
102 -62.24304199218758
103 -67.32299804687511
104 -72.32666015625009
105 -77.50427246093759
106 -82.47924804687509
107 -87.4444580078126
108 -92.44445800781259
109 -97.3223876953126
110 -102.3583984375001
111 -107.13378906250013
112 -112.10815429687513
113 -116.93786621093761
114 -121.65710449218761
115 -126.63635253906261
116 -131.08154296875014
117 -135.88134765625009
118 -140.4650878906251
119 -144.97070312500014
120 -149.58190917968764
121 -154.08142089843764
122 -158.4173583984376
123 -162.70935058593764
124 -167.15576171875014
125 -171.37817382812514
126 -175.77819824218764
127 -179.94018554687517
128 -183.9569091796877
129 -188.01452636718767
130 -192.02697753906267
131 -196.0888671875002
132 -199.88830566406267
133 -203.58581542968767
134 -207.4249267578127
135 -211.12854003906267
136 -214.7039794921877
137 -218.2507324218752
138 -221.7681884765627
139 -225.3033447265627
140 -228.5424804687502
141 -231.92077636718767
142 -235.11962890625006
143 -238.18115234374997
144 -241.21093749999994
145 -244.2773437499999
146 -247.14538574218736
147 -249.93286132812483
148 -252.7630615234373
149 -255.4632568359373
150 -258.0255126953123
151 -260.4888916015623
152 -263.0639648437498
153 -265.4351806640623
154 -267.6605224609373
155 -270.1531982421873
156 -272.03918457031233
157 -274.0509033203122
158 -276.18835449218733
159 -277.97668457031233
160 -279.67773437499983
161 -281.3726806640623
162 -282.99194335937483
163 -284.54284667968733
164 -285.9906005859373
165 -287.3034667968748
166 -288.5498046874998
167 -289.91821289062483
168 -290.8319091796874
169 -291.91833496093733
170 -292.75451660156233
171 -293.5675048828124
172 -294.2260742187498
173 -294.9279785156248
174 -295.5615234374999
175 -295.92712402343733
176 -296.19689941406233
177 -296.53686523437483
178 -296.78466796874983
179 -296.89941406249983
