0 601.7291259765626
1 601.572265625
2 601.3287353515626
3 600.7293701171876
4 600.2459716796875
5 599.0283203125001
6 598.1634521484376
7 596.9952392578126
8 595.1971435546876
9 593.6981201171876
10 592.0147705078125
11 589.8944091796876
12 587.8778076171875
13 585.6121826171876
14 582.752685546875
15 580.3753662109375
16 577.2772216796875
17 574.2401123046876
18 571.0369873046875
19 567.5195312500001
20 563.9739990234376
21 560.1898193359376
22 556.3800048828126
23 552.232666015625
24 547.8515625
25 543.4552001953126
26 538.8275146484376
27 533.9306640625001
28 528.9483642578125
29 523.6889648437499
30 518.8055419921874
31 513.4558105468751
32 507.8082275390625
33 502.120361328125
34 496.23901367187494
35 490.4327392578125
36 484.0350341796875
37 477.73376464843744
38 471.36718749999994
39 464.94384765624994
40 457.96447753906244
41 451.25183105468744
42 444.13024902343744
43 437.23999023437494
44 429.98962402343744
45 422.3815917968749
46 414.84863281249983
47 407.3980712890624
48 399.38476562499994
49 391.6668701171874
50 383.4429931640624
51 375.3717041015624
52 367.24670410156233
53 359.0112304687499
54 350.6634521484374
55 342.01904296874983
56 333.23242187499983
57 324.2285156249998
58 315.55664062499983
59 306.85119628906233
60 297.38830566406233
61 288.1872558593748
62 278.81591796874983
63 269.61486816406244
64 260.36010742187506
65 250.61889648437509
66 241.41113281250014
67 231.50573730468764
68 222.0349121093752
69 212.5079345703127
70 202.28088378906267
71 192.51037597656267
72 182.56225585937514
73 172.65869140625014
74 162.78320312500014
75 152.57629394531264
76 142.2174072265626
77 132.08435058593759
78 122.15515136718757
79 111.84143066406259
80 101.2225341796876
81 91.18835449218756
82 80.75378417968757
83 70.34729003906254
84 59.713134765625036
85 49.26818847656254
86 38.90686035156253
87 28.563232421875004
88 18.19763183593749
89 7.672119140625006
90 -2.9028320312499964
91 -13.234863281250023
92 -24.025878906250053
93 -34.810180664062536
94 -44.74792480468755
95 -55.113525390625036
96 -65.43884277343757
97 -75.92041015625007
98 -86.4837646484376
99 -96.67053222656257
100 -107.0782470703126
101 -117.2613525390626
102 -127.49816894531263
103 -137.5952148437501
104 -147.48840332031264
105 -157.8912353515627
106 -167.76977539062514
107 -177.84851074218767
108 -187.70446777343767
109 -197.62329101562514
110 -207.6098632812502
111 -217.1801757812502
112 -226.93664550781256
113 -236.73889160156247
114 -245.93139648437494
115 -255.8673095703124
116 -264.76867675781233
117 -274.6325683593748
118 -283.7567138671874
119 -292.73315429687483
120 -302.12219238281233
121 -310.88745117187483
122 -319.95971679687483
123 -328.44238281249983
124 -337.0062255859374
125 -345.83374023437483
126 -353.9880371093749
127 -362.47131347656233
128 -370.9411621093749
129 -378.92333984374994
130 -386.68823242187494
131 -395.2697753906249
132 -402.55432128906244
133 -410.2508544921874
134 -417.64099121093744
135 -425.16479492187494
136 -432.24182128906244
137 -439.60205078125
138 -446.29699707031244
139 -453.34472656249994
140 -460.13610839843744
141 -466.827392578125
142 -473.14697265625006
143 -479.4354248046875
144 -485.43212890625006
145 -491.6748046875
146 -497.24609375
147 -502.899169921875
148 -508.818359375
149 -514.176025390625
150 -519.1888427734375
151 -524.1064453125001
152 -529.1717529296875
153 -533.7963867187501
154 -538.2928466796876
155 -542.6361083984377
156 -546.773681640625
157 -551.1181640625
158 -555.4119873046875
159 -559.08203125
160 -562.2247314453126
161 -565.6427001953126
162 -569.2919921874999
163 -572.2338867187502
164 -574.932861328125
165 -577.6141357421876
166 -580.050048828125
167 -582.4060058593752
168 -584.5812988281251
169 -586.7010498046876
170 -588.4405517578124
171 -590.2459716796876
172 -591.7822265625001
173 -592.9071044921876
174 -594.085693359375
175 -594.9603271484376
176 -595.8807373046876
177 -596.1651611328125
178 -596.495361328125
179 -596.7590332031251
