0 302.9675292968749
1 302.79235839843733
2 302.68432617187483
3 302.2869873046873
4 302.0214843749998
5 301.6955566406249
6 301.0406494140623
7 300.31616210937483
8 299.66186523437483
9 298.63891601562483
10 297.94311523437483
11 296.9030761718748
12 295.7458496093748
13 294.5275878906248
14 293.34167480468733
15 291.87499999999983
16 290.4498291015623
17 288.9306640624998
18 287.2387695312498
19 285.56152343749983
20 283.79699707031233
21 281.81091308593733
22 279.97802734374983
23 277.7899169921874
24 275.7556152343748
25 273.4558105468748
26 271.1901855468748
27 268.8525390624997
28 266.38305664062483
29 263.787841796875
30 261.2261962890625
31 258.53515625
32 255.6866455078126
33 252.74780273437509
34 249.8767089843752
35 246.8945312500002
36 243.77319335937523
37 240.60974121093767
38 237.48046875000023
39 234.03198242187517
40 230.84838867187517
41 227.3944091796877
42 223.7829589843752
43 220.1605224609377
44 216.5997314453127
45 212.83203125000017
46 209.12475585937517
47 205.3875732421877
48 201.38854980468767
49 197.30590820312517
50 193.2305908203127
51 189.33105468750017
52 185.10864257812514
53 180.98144531250014
54 176.65832519531267
55 172.40783691406264
56 168.1402587890626
57 163.80981445312514
58 159.41101074218764
59 154.9267578125001
60 150.3479003906251
61 145.6542968750001
62 140.9613037109376
63 136.4727783203126
64 131.40808105468759
65 126.9818115234376
66 122.21923828125007
67 117.42492675781257
68 112.53479003906259
69 107.52319335937509
70 102.61108398437507
71 97.72888183593757
72 92.70690917968757
73 87.70141601562504
74 82.71728515625007
75 77.57019042968757
76 72.54150390625006
77 67.42919921875007
78 62.323608398437564
79 57.20153808593753
80 52.01782226562503
81 46.75048828125003
82 41.727905273437536
83 36.45935058593752
84 31.28601074218753
85 25.998535156250018
86 20.800781249999993
87 15.56884765625002
88 10.331420898437505
89 5.078735351562485
90 -0.14404296875002512
91 -5.438232421875002
92 -10.604858398437532
93 -16.05407714843753
94 -21.037597656250025
95 -26.35925292968752
96 -31.520996093750046
97 -36.59729003906257
98 -41.79077148437504
99 -47.31445312500004
100 -52.172241210937564
101 -57.474975585937585
102 -62.391357421875085
103 -67.58972167968754
104 -72.65014648437511
105 -77.45117187500006
106 -82.86010742187507
107 -87.75085449218759
108 -92.6519775390626
109 -97.60253906250007
110 -102.6275634765626
111 -107.4725341796876
112 -112.2955322265626
113 -117.26196289062513
114 -121.76940917968763
115 -126.54846191406263
116 -131.24877929687509
117 -136.10595703125014
118 -140.70007324218764
119 -145.35034179687517
120 -149.82849121093767
121 -154.2211914062501
122 -158.67126464843767
123 -163.07434082031264
124 -167.36267089843764
125 -171.60034179687514
126 -175.78491210937517
127 -180.16357421875017
128 -184.1748046875002
129 -188.30383300781267
130 -192.18994140625017
131 -196.14929199218767
132 -200.0469970703127
133 -203.8482666015627
134 -207.53662109375014
135 -211.35009765625023
136 -214.9359130859377
137 -218.3343505859377
138 -221.9525146484377
139 -225.5236816406252
140 -228.8647460937502
141 -232.20092773437517
142 -235.13916015625009
143 -238.431396484375
144 -241.50817871093744
145 -244.29138183593744
146 -247.43774414062486
147 -250.2984619140623
148 -252.98583984374977
149 -255.65002441406233
150 -258.2427978515623
151 -260.7678222656248
152 -263.1689453124998
153 -265.4748535156248
154 -267.8771972656248
155 -270.23254394531233
156 -272.24914550781233
157 -274.3164062499999
158 -276.2652587890623
159 -278.17138671874983
160 -279.9261474609373
161 -281.5905761718749
162 -283.22570800781233
163 -284.76806640624983
164 -286.20239257812483
165 -287.48779296874983
166 -288.76770019531233
167 -289.9114990234373
168 -290.91064453124983
169 -292.00256347656233
170 -292.89428710937483
171 -293.78417968749983
172 -294.4018554687498
173 -295.13061523437483
174 -295.64025878906233
175 -296.0699462890624
176 -296.41296386718733
177 -296.79077148437483
178 -296.82678222656233
179 -296.8579101562498
