0 153.11218261718764
1 153.1549072265626
2 152.9821777343751
3 152.88757324218767
4 152.72033691406259
5 152.47680664062514
6 152.19970703125014
7 151.8072509765626
8 151.60400390625014
9 151.06567382812514
10 150.56396484375014
11 150.17456054687517
12 149.6215820312501
13 149.0771484375001
14 148.4057617187501
15 147.6287841796876
16 147.0764160156251
17 146.17248535156264
18 145.3369140625001
19 144.53125000000017
20 143.62548828125014
21 142.7166748046876
22 141.74621582031267
23 140.74462890625014
24 139.64965820312509
25 138.57666015625009
26 137.57080078125014
27 136.22070312500009
28 135.0231933593751
29 133.6926269531251
30 132.3059082031251
31 131.0913085937501
32 129.70458984375014
33 128.30505371093764
34 126.87500000000013
35 125.31677246093761
36 123.84521484375011
37 122.20642089843759
38 120.6298828125001
39 119.06311035156256
40 117.35107421875009
41 115.68542480468757
42 113.9324951171876
43 112.10449218750009
44 110.3497314453126
45 108.49243164062511
46 106.4849853515626
47 104.65332031250011
48 102.7197265625001
49 100.7849121093751
50 98.70483398437509
51 96.68884277343757
52 94.52636718750007
53 92.54882812500007
54 90.38452148437506
55 88.26721191406259
56 86.13708496093756
57 83.87512207031259
58 81.67358398437504
59 79.34814453125006
60 77.12036132812503
61 74.81079101562509
62 72.61413574218757
63 70.25390625000004
64 67.88635253906257
65 65.51147460937507
66 63.21289062500004
67 60.892333984375036
68 58.31054687500002
69 56.04187011718754
70 53.44299316406252
71 50.95275878906251
72 48.53271484375005
73 46.00341796875002
74 43.48815917968754
75 40.92163085937503
76 38.45092773437504
77 35.85083007812501
78 33.309936523437514
79 30.67382812500001
80 28.134765625000032
81 25.461425781250014
82 23.076782226562504
83 20.460205078125025
84 17.807617187500007
85 15.197753906250014
86 12.585449218750012
87 9.980468750000002
88 7.378540039062482
89 4.770507812499995
90 2.1673583984374996
91 -0.5047607421875198
92 -3.040161132812528
93 -5.776367187500017
94 -8.321533203125005
95 -10.932617187500046
96 -13.52233886718751
97 -16.13708496093752
98 -18.815917968750018
99 -21.242065429687536
100 -23.82385253906254
101 -26.273803710937543
102 -28.921508789062543
103 -31.398925781250053
104 -34.029541015625036
105 -36.51000976562503
106 -38.933715820312564
107 -41.436767578125064
108 -44.03686523437505
109 -46.36840820312504
110 -48.93432617187507
111 -51.309814453125064
112 -53.79638671875005
113 -56.21215820312504
114 -58.676147460937564
115 -60.91491699218758
116 -63.25622558593758
117 -65.55480957031257
118 -67.91442871093754
119 -70.1898193359376
120 -72.54394531250006
121 -74.76928710937506
122 -76.98547363281261
123 -79.12170410156261
124 -81.30554199218757
125 -83.53515625000009
126 -85.67993164062507
127 -87.66662597656257
128 -89.8065185546876
129 -91.79931640625011
130 -93.80920410156259
131 -95.7232666015626
132 -97.57263183593759
133 -99.46838378906261
134 -101.41479492187513
135 -103.27758789062511
136 -105.1898193359376
137 -106.9226074218751
138 -108.6926269531251
139 -110.42480468750013
140 -112.12524414062509
141 -113.76525878906261
142 -115.36926269531259
143 -116.96289062500013
144 -118.55895996093763
145 -120.01892089843764
146 -121.45996093750014
147 -122.89428710937514
148 -124.35852050781264
149 -125.72082519531264
150 -127.0794677734376
151 -128.2739257812501
152 -129.57153320312509
153 -130.73181152343764
154 -131.86889648437517
155 -132.94860839843764
156 -133.99902343750009
157 -134.99816894531264
158 -136.0705566406251
159 -137.0050048828126
160 -137.9315185546876
161 -138.8323974609376
162 -139.6069335937501
163 -140.3723144531251
164 -141.15722656250014
165 -141.8884277343751
166 -142.46520996093764
167 -143.03710937500014
168 -143.67065429687517
169 -144.0942382812501
170 -144.59899902343764
171 -145.0006103515626
172 -145.41503906250014
173 -145.68481445312514
174 -145.99548339843764
175 -146.1846923828126
176 -146.36718750000017
177 -146.48864746093767
178 -146.61437988281264
179 -146.6882324218751
