0 601.6882324218751
1 601.6094970703125
2 601.387939453125
3 600.9497070312501
4 600.1745605468751
5 599.4232177734376
6 598.1634521484376
7 597.0281982421875
8 595.328369140625
9 593.8159179687501
10 591.9635009765625
11 589.9822998046875
12 587.9138183593751
13 585.4718017578126
14 582.9730224609375
15 580.34423828125
16 577.4664306640626
17 574.3884277343749
18 571.2103271484376
19 567.4816894531249
20 564.1851806640625
21 560.445556640625
22 556.4019775390625
23 552.2454833984375
24 547.9699707031251
25 543.7152099609375
26 539.114990234375
27 534.3457031250001
28 529.4488525390626
29 524.3389892578125
30 518.7890625
31 513.8812255859375
32 508.53149414062494
33 502.60559082031244
34 496.7279052734375
35 490.66345214843744
36 484.2596435546875
37 478.43322753906244
38 471.666259765625
39 465.53161621093744
40 458.363037109375
41 451.6967773437499
42 444.53613281249994
43 437.65258789062494
44 430.318603515625
45 423.0645751953124
46 415.43273925781244
47 407.63122558593744
48 400.14282226562494
49 391.9409179687499
50 384.1253662109374
51 375.9417724609374
52 367.3162841796874
53 359.15832519531244
54 350.9722900390624
55 342.38891601562483
56 333.69934082031233
57 324.48669433593733
58 315.87219238281233
59 306.82495117187483
60 298.31665039062483
61 288.6944580078123
62 279.40124511718733
63 270.27954101562494
64 261.28173828125
65 251.44775390625006
66 241.91955566406259
67 232.06542968750017
68 222.38891601562517
69 212.8369140625002
70 202.9235839843752
71 192.64099121093767
72 183.17993164062514
73 173.25683593750014
74 162.96508789062514
75 152.95410156250014
76 142.4987792968751
77 132.15698242187509
78 122.24914550781257
79 112.18872070312507
80 101.64123535156259
81 91.36108398437506
82 80.94970703125004
83 70.57556152343754
84 60.491333007812536
85 49.95056152343753
86 39.51110839843753
87 28.952026367187536
88 18.5662841796875
89 8.167724609374993
90 -2.3278808593750164
91 -12.80761718750002
92 -23.143920898437514
93 -33.636474609375036
94 -44.38598632812506
95 -54.65698242187506
96 -64.90173339843757
97 -75.42053222656256
98 -85.91186523437509
99 -96.2030029296876
100 -106.29211425781259
101 -116.79443359375011
102 -126.60217285156264
103 -137.1563720703126
104 -147.41088867187514
105 -157.27722167968764
106 -167.24914550781267
107 -177.28576660156264
108 -187.1759033203127
109 -197.24670410156267
110 -206.98791503906273
111 -216.8444824218752
112 -226.51306152343756
113 -236.04736328124997
114 -245.95825195312494
115 -255.28015136718741
116 -264.7906494140624
117 -273.6505126953124
118 -283.0230712890622
119 -292.4176025390623
120 -301.53564453124983
121 -310.3289794921873
122 -319.1516113281249
123 -328.0895996093749
124 -336.6705322265624
125 -345.0280761718749
126 -353.9587402343749
127 -362.22961425781244
128 -370.2911376953124
129 -378.21716308593733
130 -386.5802001953124
131 -394.39880371093744
132 -402.03124999999994
133 -409.61853027343744
134 -417.29064941406244
135 -424.688720703125
136 -432.14172363281244
137 -439.16687011718744
138 -445.85205078124994
139 -453.17810058593744
140 -459.776611328125
141 -466.353759765625
142 -472.70019531249994
143 -478.87329101562506
144 -485.2679443359375
145 -491.10595703125006
146 -497.0391845703125
147 -502.76367187499994
148 -508.28918457031256
149 -513.6761474609375
150 -518.8031005859375
151 -523.873291015625
152 -528.7445068359375
153 -533.6578369140625
154 -538.203125
155 -542.6959228515626
156 -546.7980957031251
157 -551.1962890625
158 -555.091552734375
159 -558.5931396484376
160 -562.3291015625
161 -565.7324218750001
162 -568.7725830078125
163 -571.9171142578125
164 -574.7607421875001
165 -577.4212646484377
166 -580.064697265625
167 -582.4450683593751
168 -584.6978759765626
169 -586.6033935546877
170 -588.4844970703127
171 -589.9523925781251
172 -591.4947509765626
173 -592.779541015625
174 -593.9135742187501
175 -594.8718261718751
176 -595.5389404296876
177 -596.1199951171876
178 -596.3409423828125
179 -596.4263916015626
