0 153.03283691406264
1 153.0493164062501
2 152.90954589843764
3 152.83874511718764
4 152.6568603515626
5 152.41333007812514
6 152.12951660156264
7 151.7590332031251
8 151.41235351562509
9 151.01745605468764
10 150.55480957031259
11 150.0909423828126
12 149.5397949218751
13 148.9306640625001
14 148.28125000000014
15 147.6196289062501
16 146.8963623046876
17 146.10900878906264
18 145.26672363281259
19 144.4140625000001
20 143.4887695312501
21 142.4957275390626
22 141.5740966796876
23 140.50231933593759
24 139.46105957031264
25 138.4381103515626
26 137.3266601562501
27 136.08215332031264
28 134.8352050781251
29 133.4582519531251
30 132.1594238281251
31 130.7653808593751
32 129.39453125000006
33 128.03955078125006
34 126.54602050781261
35 125.0402832031251
36 123.4545898437501
37 121.8707275390626
38 120.3643798828126
39 118.68041992187513
40 117.14233398437507
41 115.38452148437509
42 113.63586425781259
43 111.8109130859376
44 109.99511718750007
45 108.15063476562507
46 106.1895751953126
47 104.32434082031259
48 102.34069824218759
49 100.38330078125007
50 98.2989501953126
51 96.28967285156259
52 94.20837402343759
53 92.04711914062507
54 90.05126953125009
55 87.93884277343756
56 85.71777343750004
57 83.60900878906256
58 81.27929687500006
59 79.05883789062504
60 76.87438964843756
61 74.50866699218759
62 72.20764160156254
63 69.84619140625006
64 67.48657226562504
65 65.11291503906254
66 62.77221679687507
67 60.353393554687536
68 57.979125976562536
69 55.54565429687506
70 53.020019531250014
71 50.60546875000001
72 47.96752929687503
73 45.54931640625001
74 43.10363769531253
75 40.46386718750002
76 37.97790527343755
77 35.42419433593753
78 32.938842773437486
79 30.250854492187518
80 27.697753906250036
81 25.224609375000018
82 22.567749023437486
83 20.059204101562514
84 17.445068359374982
85 14.784545898437466
86 12.180786132812514
87 9.584960937499995
88 6.849365234375012
89 4.221191406249995
90 1.725463867187485
91 -0.8520507812500231
92 -3.4197998046875018
93 -6.081542968750013
94 -8.843994140625012
95 -11.30004882812504
96 -13.967895507812521
97 -16.53442382812503
98 -19.15466308593751
99 -21.729736328124996
100 -24.26269531250003
101 -26.81213378906256
102 -29.32861328125004
103 -31.88293457031255
104 -34.39636230468753
105 -36.951904296875036
106 -39.43298339843755
107 -41.920776367187536
108 -44.451293945312564
109 -46.84997558593755
110 -49.326171875000064
111 -51.79992675781254
112 -54.18640136718756
113 -56.61987304687505
114 -59.00146484375007
115 -61.35070800781256
116 -63.68225097656258
117 -66.01623535156257
118 -68.30566406250006
119 -70.58959960937506
120 -72.83386230468759
121 -75.10864257812509
122 -77.32543945312507
123 -79.5477294921876
124 -81.69860839843759
125 -84.02221679687509
126 -85.97839355468759
127 -88.06640625000009
128 -90.05554199218757
129 -92.02331542968759
130 -94.09362792968759
131 -95.96557617187511
132 -97.90832519531261
133 -99.90783691406261
134 -101.8487548828126
135 -103.6810302734376
136 -105.4705810546876
137 -107.26257324218757
138 -109.03076171875011
139 -110.7299804687501
140 -112.45117187500013
141 -114.09851074218759
142 -115.75927734375011
143 -117.29858398437513
144 -118.7731933593751
145 -120.26367187500009
146 -121.7694091796876
147 -123.2061767578126
148 -124.58068847656263
149 -125.95275878906261
150 -127.24243164062516
151 -128.50036621093759
152 -129.75158691406264
153 -130.9387207031251
154 -132.04406738281264
155 -133.0828857421876
156 -134.15954589843764
157 -135.20202636718764
158 -136.24450683593764
159 -137.1734619140626
160 -138.10302734375017
161 -138.9593505859376
162 -139.7161865234376
163 -140.50903320312514
164 -141.23718261718759
165 -141.9122314453126
166 -142.62451171875014
167 -143.15490722656264
168 -143.71459960937514
169 -144.24377441406267
170 -144.70703125000014
171 -145.07446289062514
172 -145.47912597656264
173 -145.78857421875014
174 -146.00036621093764
175 -146.2683105468751
176 -146.41784667968767
177 -146.54663085937514
178 -146.6241455078126
179 -146.7083740234376
