0 452.508544921875
1 452.53234863281244
2 452.30224609374994
3 452.1270751953125
4 451.3916015625
5 450.765380859375
6 450.0335693359374
7 448.98742675781244
8 448.0810546875
9 446.8518066406249
10 445.46447753906244
11 443.75854492187494
12 442.2747802734375
13 440.5474853515624
14 438.63891601562494
15 436.37512207031244
16 434.46716308593744
17 432.1087646484374
18 429.71313476562494
19 427.37243652343744
20 424.40734863281244
21 421.83166503906244
22 418.88122558593744
23 415.65673828124983
24 412.4877929687499
25 409.3127441406249
26 405.5627441406249
27 402.28027343749983
28 398.6816406249999
29 394.79064941406244
30 390.74340820312483
31 386.8408203124999
32 382.94738769531233
33 378.4527587890624
34 374.1339111328124
35 369.6313476562499
36 365.0970458984374
37 360.22033691406233
38 355.2130126953124
39 350.62744140624983
40 345.6158447265624
41 340.32165527343733
42 335.16723632812483
43 329.8089599609373
44 324.38293457031233
45 318.89648437499983
46 313.0578613281248
47 307.21557617187483
48 301.5911865234374
49 295.63354492187483
50 289.8229980468748
51 283.6334228515623
52 277.16186523437483
53 271.1425781249999
54 264.88098144531244
55 258.40148925781256
56 251.9348144531251
57 244.95117187500014
58 238.9318847656252
59 231.98120117187517
60 225.20446777343773
61 218.5577392578127
62 211.40930175781267
63 204.30175781250017
64 197.53479003906267
65 190.1190185546877
66 183.11706542968764
67 176.00219726562517
68 168.52050781250014
69 161.29028320312517
70 153.93432617187514
71 146.4288330078126
72 138.6132812500001
73 131.7346191406251
74 123.96423339843761
75 116.5118408203126
76 108.98986816406259
77 101.3226318359376
78 93.60046386718756
79 85.42358398437506
80 78.21472167968756
81 70.38024902343754
82 62.54760742187504
83 54.797363281250036
84 46.96350097656253
85 38.991699218750014
86 31.103515624999996
87 23.310546875000014
88 15.504150390625005
89 7.857666015625028
90 -0.2374267578124957
91 -8.172607421875012
92 -15.948486328125025
93 -23.529052734375025
94 -31.765136718750046
95 -39.445190429687536
96 -47.20031738281255
97 -54.77600097656256
98 -62.50488281250005
99 -70.42480468750007
100 -78.18054199218756
101 -85.8386230468751
102 -93.54736328125007
103 -101.1975097656251
104 -108.89587402343761
105 -116.31591796875013
106 -124.14184570312511
107 -131.4831542968751
108 -139.0405273437501
109 -146.4062500000001
110 -153.8366699218751
111 -161.2500000000001
112 -168.34960937500014
113 -175.7745361328127
114 -182.83569335937517
115 -190.1080322265627
116 -196.9744873046877
117 -203.99719238281273
118 -211.1627197265627
119 -217.96997070312523
120 -224.56909179687523
121 -231.56311035156253
122 -237.9937744140625
123 -244.68811035156241
124 -251.22375488281236
125 -257.6544189453124
126 -263.79333496093733
127 -270.0891113281248
128 -276.5814208984373
129 -282.7502441406248
130 -288.70727539062483
131 -294.45556640624983
132 -300.61401367187483
133 -306.21154785156233
134 -311.74438476562483
135 -317.61474609374983
136 -322.6776123046874
137 -327.89123535156233
138 -333.5974121093749
139 -338.9093017578124
140 -343.96118164062483
141 -348.6047363281249
142 -353.69018554687494
143 -358.1591796874999
144 -362.96203613281244
145 -367.3370361328124
146 -371.86523437499983
147 -375.81542968749994
148 -380.2685546874999
149 -384.07104492187494
150 -388.10852050781244
151 -391.7816162109374
152 -395.6140136718749
153 -399.0612792968749
154 -402.7313232421874
155 -405.9759521484374
156 -409.2822265624999
157 -412.40173339843744
158 -415.1159667968749
159 -418.135986328125
160 -420.9466552734374
161 -423.36669921874994
162 -425.91796875
163 -428.30688476562494
164 -430.42053222656244
165 -432.578125
166 -434.4842529296875
167 -436.2115478515624
168 -437.7484130859375
169 -439.228515625
170 -440.76660156249994
171 -442.07885742187494
172 -443.10485839843744
173 -444.09423828124994
174 -444.89196777343744
175 -445.6207275390625
176 -446.09863281249994
177 -446.546630859375
178 -446.90856933593744
179 -446.83837890624994
