1.701879233586571932e+09
1.701879234925679922e+09
1.701879236261111021e+09
1.701879237600857973e+09
1.701879239057792902e+09
1.701879240510293961e+09
1.701879241961808920e+09
1.701879243412120104e+09
1.701879244879569054e+09
1.701879246185777903e+09
1.701879286929706097e+09
1.701879288354804993e+09
1.701879289797605991e+09
1.701879291251720905e+09
1.701879292172034979e+09
1.701879357293831110e+09
1.701879358625454903e+09
1.701879359800090075e+09
1.701879372155349016e+09
1.701879373495080948e+09
1.701879374661590099e+09
1.701879383062024117e+09
1.701879384392385960e+09
1.701879385723448992e+09
1.701879387058094025e+09
1.701879388506385088e+09
1.701879389811522007e+09
1.701879403635258913e+09
1.701879404966519117e+09
1.701879406301866055e+09
1.701879407639055014e+09
1.701879409100702047e+09
1.701879410404922962e+09
1.701879420370480061e+09
1.701879421758338928e+09
1.701879423218457937e+09
1.701879424682921886e+09
1.701879425985836029e+09
1.701879521579157114e+09
1.701879522925841093e+09
1.701879524388684988e+09
1.701879525850580931e+09
1.701879527303708076e+09
1.701879528760297060e+09
1.701879530233809948e+09
1.701879531173703909e+09
1.701879542384855032e+09
1.701879543842159986e+09
1.701879545310487032e+09
1.701879546777848005e+09
1.701879547704304934e+09
1.701892137945343971e+09
1.701892139284957886e+09
1.701892140621905088e+09
1.701892142064655066e+09
1.701892143369096994e+09
1.701892175360451937e+09
1.701892176829838991e+09
1.701892178133490086e+09
1.701892230221734047e+09
1.701892231682945013e+09
1.701892232618033886e+09
1.701892292074413061e+09
1.701892293413271904e+09
1.701892293584754944e+09
1.701892333657109976e+09
1.701892334997178078e+09
1.701892336338316917e+09
1.701892337769279957e+09
1.701892339228297949e+09
1.701892340515264988e+09
1.701892366364155054e+09
1.701892367701819897e+09
1.701892369040174961e+09
1.701892370474107027e+09
1.701892371766207933e+09
1.701892384922739983e+09
1.701892386391808033e+09
1.701892387684362888e+09
1.701892422988675117e+09
1.701892424324460030e+09
1.701892425659531116e+09
1.701892426999413967e+09
1.701892428285135984e+09
