1.701892634313576937e+09
1.701892817088769913e+09
1.701893000292716980e+09
1.701893183039782047e+09
1.701893366558689117e+09
1.701893547095777988e+09
1.701893728709059954e+09
1.701893911415000916e+09
1.701894094493127108e+09
1.701894277274811983e+09
1.701894460058857918e+09
1.701894643318042994e+09
1.701894826461837053e+09
1.701895009161835909e+09
1.701895192732163906e+09
1.701895375845834970e+09
1.701895558539385080e+09
1.701895741720316887e+09
1.701895924443651915e+09
1.701896053920239925e+09
