1.699981143646229029e+09
1.699981157667373896e+09
1.699981159949326992e+09
1.699981287167207003e+09
1.699981289128396034e+09
1.699981307748899937e+09
1.699981318789652109e+09
1.699981329333177090e+09
1.699981331174216032e+09
1.699991857667026997e+09
1.699991859393966913e+09
1.699991861109652996e+09
1.699991862795785904e+09
1.699991864482214928e+09
1.699991866244649887e+09
1.699991867951883078e+09
1.699991868951339006e+09
1.699991906091835022e+09
1.699991907765117884e+09
1.699991909526278019e+09
1.699991910168231010e+09
1.699991938842245102e+09
1.699991940599021912e+09
1.699991942353554010e+09
1.699991944117779016e+09
1.699991945134453058e+09
1.699991996177448988e+09
1.699991997922607899e+09
1.699991999682457924e+09
1.699992001442150116e+09
1.699992003206684113e+09
1.699992004972347975e+09
1.699992006736828089e+09
1.699992008497047901e+09
1.699992010253576994e+09
1.699992011314445972e+09
1.699992027020378113e+09
1.699992028784003973e+09
1.699992029841846943e+09
1.699992064152707100e+09
1.699992065898014069e+09
1.699992067665134907e+09
1.699992067869713068e+09
1.699992077005851030e+09
1.699992078676074028e+09
1.699992080421078920e+09
1.699992082185178041e+09
1.699992083946270943e+09
1.699992085699918985e+09
1.699992087462105989e+09
1.699992089223335981e+09
1.699992089415126085e+09
1.699992113328052998e+09
1.699992115001403093e+09
1.699992116705854893e+09
1.699992117325628996e+09
1.699992140865928888e+09
1.699992142537051916e+09
1.699992144242943048e+09
1.699992145317264080e+09
1.699992180102835894e+09
1.699992181775223970e+09
1.699992183516580105e+09
1.699992185283140898e+09
1.699992187049176931e+09
1.699992188809551001e+09
1.699992190566108942e+09
1.699992192329844952e+09
1.699992194088629007e+09
1.699992195859335899e+09
1.699992196495366096e+09
1.699992230637438059e+09
1.699992232406421900e+09
1.699992234172708035e+09
1.699992235938430071e+09
1.699992236543498039e+09
1.699992279842436075e+09
1.699992281609086990e+09
1.699992283372926950e+09
1.699992285134247065e+09
1.699992286894783974e+09
1.699992288661698103e+09
1.699992290419704914e+09
1.699992290684923887e+09
1.699992301930147886e+09
1.699992303615596056e+09
1.699992305378776073e+09
1.699992307139136076e+09
1.699992308896558046e+09
1.699992310667751074e+09
1.699992311728164911e+09
1.699992321808233023e+09
1.699992323479655981e+09
1.699992325185733080e+09
1.699992326946084976e+09
1.699992327653215885e+09
1.699992335987591028e+09
1.699992337753465891e+09
1.699992339515646935e+09
1.699992341282697916e+09
1.699992341907098055e+09
1.699992369987440109e+09
1.699992371660319090e+09
1.699992373389353037e+09
1.699992375149414062e+09
1.699992376211525917e+09
1.699992395703280926e+09
1.699992397400482893e+09
1.699992399073692083e+09
1.699992400747009993e+09
1.699992401358215094e+09
