1.701875111442797899e+09
1.701875112758759022e+09
1.701875114062344074e+09
1.701875115371857882e+09
1.701875116784790039e+09
1.701875118208920002e+09
1.701875119633213997e+09
1.701875121057940006e+09
1.701875122460136890e+09
1.701875123827454090e+09
1.701875125139698029e+09
1.701875125307034969e+09
1.701875259494857073e+09
1.701875261158807039e+09
1.701875262829719067e+09
1.701875264561991930e+09
1.701875266259697914e+09
1.701875267929562092e+09
1.701875269598767042e+09
1.701875271336298943e+09
1.701875273027299881e+09
1.701875274694570065e+09
1.701875276360770941e+09
1.701875278101763010e+09
1.701875279852871895e+09
1.701875280045423031e+09
1.701875344754318953e+09
1.701875346063021898e+09
1.701875347374466896e+09
1.701875348697736025e+09
1.701875350111089945e+09
1.701875351532768965e+09
1.701875352945883989e+09
1.701875354372834921e+09
1.701875355790446043e+09
1.701875357205385923e+09
1.701875358608046055e+09
1.701875359973242044e+09
1.701875361282536030e+09
1.701875362597371101e+09
1.701875363914258003e+09
1.701875365345237017e+09
1.701875366743465900e+09
1.701875368144279957e+09
1.701875369567691088e+09
1.701875370980294943e+09
1.701875372396095037e+09
1.701875373633414030e+09
1.701875412420088053e+09
1.701875414089670897e+09
1.701875415757347107e+09
1.701875417501571894e+09
1.701875419251754045e+09
1.701875420925246954e+09
1.701875421922365904e+09
1.701875431668217897e+09
1.701875433056744099e+09
1.701875434483879089e+09
1.701875435934104919e+09
1.701875437371470928e+09
1.701875438284655094e+09
1.701884549312315941e+09
1.701884550782407999e+09
1.701884552240391016e+09
1.701884553096796989e+09
1.701886163039171934e+09
1.701886164380204916e+09
1.701886165721167088e+09
1.701886166890472889e+09
1.701886228706856012e+09
1.701886230159929037e+09
1.701886231447005033e+09
1.701886244441720963e+09
1.701886245901123047e+09
1.701886247371896982e+09
1.701886247566766977e+09
1.701886259467120886e+09
1.701886260799092054e+09
1.701886262170535088e+09
1.701886263455648899e+09
1.701886305065846920e+09
1.701886306400702000e+09
1.701886307737200022e+09
1.701886307916732073e+09
1.701886379137749910e+09
1.701886380507344007e+09
1.701886381436152935e+09
1.701886416418778896e+09
1.701886417837810040e+09
1.701886419310235977e+09
1.701886420243383884e+09
1.701886500553817987e+09
1.701886501892883062e+09
1.701886503231595993e+09
1.701886504580240011e+09
1.701886505876009941e+09
1.701888200046518087e+09
1.701888201509234905e+09
1.701888202797425032e+09
1.701888375291115046e+09
1.701888376627156019e+09
1.701888377963041067e+09
1.701888379408691883e+09
1.701888380877232075e+09
1.701888381068516016e+09
