20 11.640625000000071
40 16.757812499999886
60 22.470703124999993
80 28.339843749999982
100 34.33593749999994
120 40.34667968750011
140 46.318359375000064
160 52.314453124999936
180 58.39843750000015
200 64.29199218750011
220 70.18066406250009
240 76.27929687499993
260 82.39257812500011
280 88.3837890625
300 94.44824218750009
320 100.40527343750017
340 106.42089843750003
360 112.41210937500001
380 118.49121093750014
400 124.51660156250003
420 130.56152343750026
440 136.55761718750014
460 142.57812500000006
480 148.58886718750014
500 154.5800781250002
520 160.63964843750006
540 166.67480468750023
560 172.81250000000006
580 178.62792968750009
600 184.99511718750014
620 191.22070312500017
640 196.60644531250014
660 202.86621093750023
680 208.68164062500023
700 214.6435546875002
720 221.02539062500014
740 226.8457031250002
760 233.08593750000026
780 238.98925781250026
800 245.41503906250017
820 251.26464843750017
840 257.0605468750002
860 263.4716796874998
880 269.2871093749998
900 275.7519531249997
920 281.04003906249983
940 287.05078124999983
960 293.1054687499999
980 299.0966796874999
1000 305.13183593749983
1020 311.17675781249983
1040 317.18749999999983
1060 323.2128906249999
1080 329.2089843749998
1100 335.2246093749999
1120 341.2499999999999
1140 347.3095703124999
1160 353.31542968749983
1180 359.2871093749999
1200 365.3613281249999
1220 371.3720703124999
1240 377.40234374999994
1260 383.4326171874999
1280 389.45312499999994
1300 395.4589843749999
1320 401.4794921874999
1340 407.5048828124999
1360 413.54003906249994
1380 419.5703124999999
1400 425.58105468749994
1420 431.58691406249994
1440 437.67089843749994
1460 443.66699218749994
1480 449.66796875
1500 455.72753906249994
1520 461.71874999999994
1540 467.802734375
1560 473.7841796875
1580 479.80957031249994
1600 485.88867187499994
1620 491.8310546875
1640 497.88574218749994
1660 503.916015625
1680 509.95117187500006
1700 515.9228515625
1720 522.021484375
1740 528.0078125000001
1760 533.5058593750001
1780 539.8681640625
1800 546.6796875000001
1820 551.8603515624999
1840 558.6816406249999
1860 565.2685546875
1880 570.6640625000001
1900 577.2119140625
1920 581.3085937500002
1940 586.474609375
1960 592.9980468750001
1980 598.61328125
