1.700489882059864998e+09
1.700489883824950933e+09
1.700489885578108072e+09
1.700489886637118101e+09
1.700489896285744905e+09
1.700489897961749077e+09
1.700489899020227909e+09
1.700490023589884996e+09
1.700490025313934088e+09
1.700490027079901934e+09
1.700490028833875895e+09
1.700490029514278889e+09
1.700490108285536051e+09
1.700490110049909115e+09
1.700490111217137098e+09
1.700491944191750050e+09
1.700491945604156971e+09
1.700491947031847954e+09
1.700491948297786951e+09
1.700491982922019958e+09
1.700491984350265026e+09
1.700491985786840916e+09
1.700491987208713055e+09
1.700491988626475096e+09
1.700491989959238052e+09
1.700491991271966934e+09
1.700491992589792013e+09
1.700491993947314024e+09
1.700491995382227898e+09
1.700491996712359905e+09
1.700491998026889086e+09
1.700491998522576094e+09
1.700492768674055099e+09
1.700492770389200926e+09
1.700492771389187098e+09
