20 30.700073242187525
40 17.72705078125002
60 21.86828613281244
80 27.58911132812502
100 33.53149414062498
120 39.141845703125
140 45.14404296875005
160 51.12304687500005
180 57.24670410156254
200 63.050537109375
220 69.08203125000009
240 74.94140625000001
260 81.05346679687506
280 87.14660644531257
300 93.27514648437504
320 99.10461425781256
340 105.01220703125006
360 111.0327148437501
380 116.97631835937509
400 123.0181884765626
420 129.1003417968751
440 135.05981445312509
460 141.0711669921876
480 147.04223632812514
500 153.0133056640626
520 159.03808593750014
540 165.01464843750014
560 171.09130859375017
580 177.2741699218751
600 183.63037109375014
620 189.40490722656267
640 195.19470214843767
660 201.06567382812517
680 206.92810058593767
700 213.19885253906267
720 219.04663085937517
740 225.3961181640627
760 231.21520996093767
780 237.5726318359377
800 243.38745117187523
820 249.70275878906273
840 255.50964355468764
860 261.343994140625
880 267.6434326171873
900 273.63281249999983
920 278.9343261718749
940 284.9230957031248
960 290.93078613281233
980 296.9360351562498
1000 302.96569824218733
1020 308.92639160156233
1040 314.92797851562483
1060 321.0717773437499
1080 326.9335937499999
1100 332.97668457031233
1120 338.9044189453124
1140 344.98901367187483
1160 350.8813476562499
1180 356.8542480468749
1200 362.97607421874983
1220 368.90747070312483
1240 374.8767089843749
1260 380.8392333984374
1280 387.1356201171874
1300 392.9132080078124
1320 398.94348144531244
1340 404.9761962890624
1360 410.9191894531249
1380 417.01965332031244
1400 422.81860351562494
1420 428.9245605468749
1440 434.88220214843744
1460 440.95031738281244
1480 447.00622558593744
1500 452.94433593749994
1520 458.96545410156244
1540 464.9053955078124
1560 470.92773437499994
1580 476.9189453124999
1600 483.0718994140625
1620 488.9263916015625
1640 494.908447265625
1660 501.07055664062494
1680 506.9744873046875
1700 512.9083251953125
1720 518.90869140625
1740 525.0323486328125
1760 531.0614013671875
1780 536.7364501953125
1800 543.2568359375001
1820 549.644775390625
1840 555.1281738281251
1860 561.65771484375
1880 568.0535888671876
1900 573.5101318359376
1920 579.2132568359376
1940 584.2651367187501
1960 590.6072998046875
1980 596.2622070312501
