1.701879752345482111e+09
1.701879934611076117e+09
1.701880117694382906e+09
1.701880299915836096e+09
1.701880482131925106e+09
1.701880664464277029e+09
1.701880847381145000e+09
1.701881030046147108e+09
1.701881212687535048e+09
1.701881395491470098e+09
1.701881577697462082e+09
1.701881759589268923e+09
1.701881942269275904e+09
1.701882125354931116e+09
1.701882307688632965e+09
1.701882490015783072e+09
1.701882672226028919e+09
1.701882855017952919e+09
1.701883037757527113e+09
1.701883168320612907e+09
