1.701888603649931908e+09
1.701888786623143911e+09
1.701888969552287102e+09
1.701889150421879053e+09
1.701889333319500923e+09
1.701889515267239094e+09
1.701889698094767094e+09
1.701889880943645954e+09
1.701890063815825939e+09
1.701890246765810966e+09
1.701890429409426928e+09
1.701890612235027075e+09
1.701890794876948118e+09
1.701890977458945990e+09
1.701891160403753996e+09
1.701891343490030050e+09
1.701891525785703897e+09
1.701891708828681946e+09
1.701891891052067995e+09
1.701892031688966990e+09
