0 300.7714843749998
1 300.77148437499983
2 300.6689453124999
3 300.46264648437483
4 300.04516601562483
5 299.5556640624998
6 299.0637207031248
7 298.4545898437498
8 297.6928710937498
9 296.8896484374999
10 295.9643554687498
11 295.02929687499983
12 293.91113281249983
13 292.72705078124983
14 291.52709960937483
15 290.12573242187483
16 288.69628906249983
17 287.2106933593748
18 285.5529785156248
19 283.8952636718748
20 282.0983886718749
21 280.2734374999998
22 278.2702636718748
23 276.2683105468747
24 274.0551757812498
25 271.9226074218748
26 269.62158203124983
27 267.2607421874997
28 264.8474121093748
29 262.20947265624983
30 259.60083007812506
31 256.9641113281252
32 254.22363281250014
33 251.3671875000002
34 248.42773437500017
35 245.4772949218752
36 242.2155761718752
37 239.30297851562517
38 236.0546875000002
39 232.77343750000017
40 229.3872070312502
41 225.9863281250002
42 222.4487304687502
43 219.0136718750002
44 215.29418945312517
45 211.6210937500002
46 207.8137207031252
47 203.9941406250002
48 200.20507812500017
49 196.1633300781252
50 192.21435546875014
51 188.1164550781252
52 183.94042968750014
53 179.86083984375017
54 175.57739257812517
55 171.25488281250009
56 167.02758789062514
57 162.50732421875014
58 158.14208984375017
59 153.76953125000014
60 149.0612792968751
61 144.5520019531251
62 139.9938964843751
63 135.18188476562509
64 130.60180664062506
65 125.81420898437507
66 120.93994140625011
67 116.2170410156251
68 111.3757324218751
69 106.5026855468751
70 101.43798828125009
71 96.54541015625009
72 91.55761718750006
73 86.56250000000007
74 81.49291992187504
75 76.61010742187506
76 71.35009765625004
77 66.32080078125003
78 61.201171875000064
79 56.052246093750014
80 51.041259765625036
81 45.78979492187505
82 40.49316406249999
83 35.441894531250036
84 30.070800781250032
85 24.921874999999982
86 19.59472656249997
87 14.448242187500002
88 9.188232421875039
89 3.826904296874968
90 -1.3696289062500173
91 -6.56127929687502
92 -11.782226562500025
93 -16.973876953124986
94 -22.205810546875057
95 -27.669677734375036
96 -32.609863281250014
97 -37.950439453125036
98 -43.08837890625003
99 -48.354492187500014
100 -53.405761718750085
101 -58.52783203125005
102 -63.748779296875085
103 -68.77807617187503
104 -73.94042968750007
105 -79.03320312500009
106 -84.05029296875011
107 -88.99902343750007
108 -94.12597656250014
109 -98.9978027343751
110 -103.9624023437501
111 -108.8134765625001
112 -113.5949707031251
113 -118.55957031250014
114 -123.42285156250014
115 -128.09082031250014
116 -132.76245117187514
117 -137.5085449218751
118 -142.03491210937514
119 -146.82495117187517
120 -151.3317871093751
121 -155.71777343750014
122 -160.20507812500017
123 -164.63623046875014
124 -168.9245605468751
125 -173.32397460937517
126 -177.60375976562517
127 -181.71875000000014
128 -185.9020996093752
129 -189.98779296875017
130 -193.96362304687517
131 -197.96997070312517
132 -201.8066406250002
133 -205.6091308593752
134 -209.4848632812502
135 -213.23364257812523
136 -216.91772460937523
137 -220.44677734375023
138 -223.9978027343752
139 -227.37304687500023
140 -230.78857421875026
141 -234.11132812500023
142 -237.36450195312517
143 -240.66772460937497
144 -243.6706542968749
145 -246.76391601562477
146 -249.7570800781248
147 -252.59643554687477
148 -255.38452148437486
149 -258.0163574218748
150 -260.76416015624983
151 -263.21899414062483
152 -265.88256835937483
153 -268.18237304687483
154 -270.5456542968748
155 -272.72827148437483
156 -275.0048828124997
157 -276.91894531249983
158 -278.9746093749998
159 -280.95336914062483
160 -282.6660156249999
161 -284.4445800781248
162 -286.1791992187498
163 -287.7001953124998
164 -289.06372070312483
165 -290.4455566406248
166 -291.74072265624983
167 -293.02124023437483
168 -293.96362304687483
169 -295.14526367187483
170 -296.0046386718749
171 -296.78466796874983
172 -297.5866699218749
173 -298.2006835937497
174 -298.8183593749998
175 -299.26269531249983
176 -299.6972656249998
177 -299.9475097656249
178 -300.17822265624983
179 -300.2453613281248
