0 450.91430664062494
1 450.9033203125
2 450.75805664062494
3 450.35278320312494
4 449.69482421874994
5 449.110107421875
6 448.38256835937494
7 447.23754882812494
8 446.32446289062494
9 444.98901367187494
10 443.6120605468749
11 442.1240234374999
12 440.53833007812494
13 438.7854003906249
14 436.77124023437494
15 434.79614257812494
16 432.689208984375
17 430.2416992187499
18 427.81738281249994
19 425.25390624999994
20 422.59765624999994
21 419.80102539062494
22 416.97875976562494
23 413.828125
24 410.5371093749999
25 407.32177734374994
26 403.76953124999994
27 400.1696777343749
28 396.56860351562494
29 392.7380371093749
30 388.8537597656249
31 384.8120117187499
32 380.5798339843749
33 376.2683105468749
34 371.9702148437499
35 367.4182128906249
36 362.7990722656249
37 358.14941406249983
38 353.1445312499999
39 348.31054687499983
40 343.28979492187483
41 337.98217773437483
42 332.9772949218749
43 327.5097656249999
44 321.95556640624983
45 316.4685058593749
46 310.84960937499983
47 305.1611328124998
48 299.08691406249983
49 293.25561523437483
50 287.27539062499983
51 281.0510253906248
52 275.0952148437498
53 268.67553710937483
54 262.31689453124994
55 255.95947265625009
56 249.48730468750026
57 242.7978515625002
58 236.12426757812517
59 229.51171875000014
60 222.43164062500017
61 215.8288574218752
62 208.8208007812502
63 201.8750000000001
64 194.70092773437523
65 187.52441406250014
66 180.46386718750014
67 173.16772460937514
68 165.9851074218751
69 158.67187500000014
70 151.21948242187514
71 143.6938476562501
72 136.28173828125006
73 128.7097167968751
74 121.1938476562501
75 113.57910156250009
76 105.82153320312507
77 98.15673828125007
78 90.42724609375009
79 82.84912109375007
80 75.07934570312503
81 67.34497070312507
82 59.61425781250002
83 51.71508789062503
84 43.999023437499986
85 36.09497070312504
86 28.314208984375032
87 20.35644531249997
88 12.49633789062498
89 4.6411132812500115
90 -3.3093261718750226
91 -11.164550781250004
92 -18.980712890625014
93 -26.74072265625003
94 -34.88403320312506
95 -42.56347656250003
96 -50.44677734375007
97 -58.13476562500004
98 -65.94604492187506
99 -73.6230468750001
100 -81.36352539062513
101 -89.22363281250011
102 -96.82739257812507
103 -104.37500000000011
104 -112.20581054687506
105 -119.81689453125011
106 -127.44140625000014
107 -134.66674804687514
108 -142.2900390625001
109 -149.82177734375014
110 -157.43408203125014
111 -164.59106445312514
112 -171.85180664062517
113 -179.10766601562517
114 -186.3342285156252
115 -193.4216308593752
116 -200.49804687500017
117 -207.61230468750017
118 -214.3554687500002
119 -221.53076171875023
120 -228.39355468750023
121 -234.90966796875006
122 -241.51855468749997
123 -248.2788085937498
124 -254.68627929687483
125 -261.0925292968748
126 -267.35473632812483
127 -273.7524414062498
128 -279.9914550781248
129 -286.2048339843749
130 -292.2509765624998
131 -298.00170898437483
132 -303.8989257812498
133 -309.62402343749983
134 -315.33081054687483
135 -320.8935546874999
136 -326.2878417968749
137 -331.7980957031248
138 -337.09228515624983
139 -342.2045898437499
140 -347.19482421874983
141 -352.20092773437483
142 -356.8444824218749
143 -362.0300292968749
144 -366.60034179687494
145 -371.20239257812483
146 -375.3442382812499
147 -379.84863281249994
148 -384.01977539062494
149 -388.15551757812494
150 -392.08984374999994
151 -395.8789062499999
152 -399.5568847656249
153 -402.84301757812494
154 -406.7126464843749
155 -410.05371093749994
156 -413.2226562499999
157 -416.31469726562494
158 -419.28466796874994
159 -422.12158203124994
160 -424.86083984375
161 -427.408447265625
162 -429.88891601562494
163 -431.9995117187499
164 -434.3469238281249
165 -436.34155273437494
166 -438.262939453125
167 -440.02197265625
168 -441.710205078125
169 -443.20434570312494
170 -444.54589843750006
171 -445.80322265624994
172 -446.82128906249994
173 -447.58422851562494
174 -448.46069335937494
175 -449.05395507812494
176 -449.68505859374994
177 -450.05249023437494
178 -450.44921875
179 -450.52001953125
