0 451.20605468749994
1 451.1218261718749
2 450.963134765625
3 450.47851562499994
4 449.89746093749994
5 449.154052734375
6 448.4082031249999
7 447.474365234375
8 446.42700195312494
9 445.02197265625
10 443.6376953124999
11 442.16674804687494
12 440.55297851562494
13 438.80737304687494
14 436.82617187499994
15 434.7338867187499
16 432.64892578124994
17 430.225830078125
18 427.77709960937494
19 425.37841796874994
20 422.49267578124994
21 419.64843749999994
22 416.7053222656249
23 413.73779296874983
24 410.460205078125
25 407.15698242187494
26 403.6767578124999
27 400.1428222656249
28 396.4331054687499
29 392.5610351562499
30 388.5961914062499
31 384.56909179687494
32 380.0573730468749
33 376.1096191406249
34 371.69189453124983
35 367.24121093749983
36 362.49755859374983
37 357.6403808593749
38 353.1201171874999
39 348.1347656249999
40 342.9333496093749
41 337.85400390624983
42 332.4829101562499
43 327.20214843749983
44 321.6088867187499
45 316.1206054687499
46 310.37597656249983
47 304.60693359374983
48 298.8171386718748
49 292.75268554687483
50 286.89697265624983
51 280.7458496093748
52 274.58862304687483
53 268.1567382812498
54 261.868896484375
55 255.3491210937502
56 248.8525390625002
57 242.4365234375002
58 235.66894531250017
59 228.8269042968752
60 222.1679687500002
61 215.16479492187517
62 208.21289062500014
63 201.1804199218752
64 194.26391601562514
65 187.02392578125014
66 179.86450195312514
67 172.54028320312514
68 165.16967773437517
69 157.82226562500014
70 150.52124023437514
71 142.9772949218751
72 135.65185546875014
73 127.93457031250011
74 120.64697265625011
75 112.88574218750009
76 105.32348632812506
77 97.61718750000009
78 89.70825195312509
79 82.20214843750007
80 74.28833007812506
81 66.84936523437506
82 58.715820312500036
83 51.22680664062505
84 43.11401367187505
85 35.423583984375036
86 27.344970703125014
87 19.669189453125036
88 11.97143554687502
89 3.989257812499994
90 -4.127197265625
91 -11.878662109374979
92 -19.79980468750008
93 -27.61352539062501
94 -35.54199218750004
95 -43.28369140625006
96 -51.247558593750064
97 -58.83300781250004
98 -66.83227539062509
99 -74.56665039062507
100 -82.12402343750009
101 -89.97070312500006
102 -97.37548828125011
103 -105.20385742187511
104 -112.85644531250011
105 -120.57983398437511
106 -128.0432128906251
107 -135.60546875000014
108 -143.02368164062514
109 -150.48461914062514
110 -157.84912109375014
111 -165.32104492187517
112 -172.51708984375014
113 -179.80224609375017
114 -187.05688476562514
115 -194.13085937500017
116 -201.3635253906252
117 -208.09082031250017
118 -215.2185058593752
119 -222.1960449218752
120 -228.67187500000023
121 -235.5749511718751
122 -242.2131347656249
123 -248.90991210937486
124 -255.32470703124977
125 -261.8237304687497
126 -268.1994628906248
127 -274.4641113281249
128 -280.5871582031248
129 -286.69555664062483
130 -292.7331542968748
131 -298.57788085937483
132 -304.65698242187483
133 -310.40283203124983
134 -315.93261718749983
135 -321.5747070312498
136 -327.1533203124999
137 -332.3205566406249
138 -337.62207031249983
139 -342.59765624999983
140 -347.9248046874999
141 -352.7868652343749
142 -357.6257324218749
143 -362.4487304687499
144 -367.0898437499999
145 -371.42211914062494
146 -375.91796874999983
147 -380.1708984374999
148 -384.3103027343749
149 -388.4680175781249
150 -392.4414062499999
151 -396.29516601562494
152 -399.89135742187494
153 -403.41308593749994
154 -407.09594726562494
155 -410.24658203124994
156 -413.41796874999994
157 -416.563720703125
158 -419.552001953125
159 -422.32543945312494
160 -425.03662109374994
161 -427.54760742187494
162 -430.03662109374994
163 -432.34985351562494
164 -434.7729492187499
165 -436.63208007812494
166 -438.31298828125
167 -440.26123046875
168 -441.80053710937494
169 -443.42163085937494
170 -444.68505859374994
171 -445.994873046875
172 -447.01904296874994
173 -447.8759765625
174 -448.81958007812494
175 -449.395751953125
176 -449.991455078125
177 -450.32470703124994
178 -450.63232421875
179 -450.799560546875
