0 150.72631835937514
1 150.70434570312514
2 150.63476562500017
3 150.4980468750001
4 150.32836914062509
5 150.07934570312514
6 149.79858398437509
7 149.45190429687517
8 149.10888671875014
9 148.71093750000009
10 148.22753906250009
11 147.73193359375014
12 147.19726562500014
13 146.58813476562517
14 145.94604492187509
15 145.2709960937501
16 144.53369140625017
17 143.77685546875014
18 142.96020507812509
19 142.0910644531251
20 141.19384765625014
21 140.2563476562501
22 139.2700195312501
23 138.24340820312509
24 137.1643066406251
25 136.06201171875006
26 134.9133300781251
27 133.70605468750014
28 132.49023437500009
29 131.1987304687501
30 129.8706054687501
31 128.53881835937506
32 127.17041015625011
33 125.75317382812511
34 124.25170898437513
35 122.76245117187509
36 121.22070312500009
37 119.66552734375006
38 118.04443359375014
39 116.40258789062507
40 114.69604492187509
41 112.99072265625009
42 111.23413085937506
43 109.4799804687501
44 107.63061523437503
45 105.76904296875006
46 103.91723632812516
47 101.9787597656251
48 100.00610351562509
49 98.04809570312506
50 96.01684570312506
51 94.0100097656251
52 91.93969726562507
53 89.80957031250006
54 87.7172851562501
55 85.57739257812507
56 83.38378906250007
57 81.19628906250004
58 78.98559570312506
59 76.65893554687503
60 74.47631835937507
61 72.1447753906251
62 69.83032226562507
63 67.59521484375004
64 65.181884765625
65 62.791748046875014
66 60.404052734375014
67 57.98950195312502
68 55.53222656249999
69 53.09692382812503
70 50.65429687500004
71 48.110351562500014
72 45.63476562500005
73 43.13720703125005
74 40.62622070312506
75 38.13232421875002
76 35.51025390625001
77 32.965087890625
78 30.401611328125036
79 27.86621093749999
80 25.256347656250025
81 22.730712890625046
82 20.134277343749986
83 17.532958984375036
84 14.92309570312504
85 12.272949218749975
86 9.636230468750007
87 7.064208984375021
88 4.3725585937499645
89 1.8310546875000278
90 -0.8679199218750502
91 -3.4814453125000258
92 -6.088867187500013
93 -8.708496093750059
94 -11.342773437500009
95 -13.88305664062503
96 -16.513671875000025
97 -19.100341796874982
98 -21.76879882812504
99 -24.32983398437505
100 -26.89331054687502
101 -29.489746093749996
102 -32.03247070312506
103 -34.61181640625007
104 -37.14721679687503
105 -39.600830078124986
106 -42.18261718750005
107 -44.681396484375064
108 -47.166748046875064
109 -49.675292968750064
110 -52.15942382812506
111 -54.6179199218751
112 -57.019042968750036
113 -59.455566406250036
114 -61.78466796875003
115 -64.19067382812506
116 -66.58447265625004
117 -68.91357421875009
118 -71.19873046875006
119 -73.50463867187504
120 -75.77026367187506
121 -78.08227539062509
122 -80.23437500000009
123 -82.4157714843751
124 -84.61914062500009
125 -86.76391601562514
126 -88.87451171875007
127 -91.00952148437507
128 -93.03222656250009
129 -95.10253906250007
130 -97.17895507812509
131 -99.12109375000014
132 -101.05224609375014
133 -102.96264648437517
134 -104.88159179687514
135 -106.70166015625007
136 -108.56933593750009
137 -110.35034179687509
138 -112.07397460937509
139 -113.81835937500013
140 -115.53466796875006
141 -117.20703125000014
142 -118.84765625000014
143 -120.41992187500007
144 -122.01538085937517
145 -123.53149414062514
146 -124.92431640625013
147 -126.43310546875014
148 -127.82226562500016
149 -129.22119140625023
150 -130.4931640625001
151 -131.79321289062506
152 -133.07495117187517
153 -134.23095703125009
154 -135.39428710937517
155 -136.5124511718751
156 -137.63793945312509
157 -138.6499023437501
158 -139.63012695312514
159 -140.56518554687514
160 -141.46728515625014
161 -142.3181152343752
162 -143.1408691406251
163 -143.88793945312514
164 -144.6423339843751
165 -145.30395507812523
166 -145.98144531250009
167 -146.5637207031251
168 -147.10083007812514
169 -147.5988769531251
170 -148.0505371093751
171 -148.4509277343751
172 -148.86352539062517
173 -149.19799804687517
174 -149.44824218750014
175 -149.7033691406252
176 -149.8535156250002
177 -150.02319335937509
178 -150.1818847656251
179 -150.1672363281251
