0 300.77880859374983
1 300.72631835937483
2 300.53955078124983
3 300.28076171874983
4 299.9450683593748
5 299.4799804687498
6 298.9611816406248
7 298.26660156249983
8 297.5341796874997
9 296.7053222656247
10 295.9033203124998
11 294.8022460937498
12 293.71337890624983
13 292.5195312499998
14 291.25366210937483
15 289.8986816406248
16 288.4118652343748
17 286.87622070312483
18 285.2539062499998
19 283.56689453124983
20 281.7285156249997
21 279.83276367187483
22 277.86987304687483
23 275.7653808593748
24 273.7512207031247
25 271.5136718749998
26 269.2260742187498
27 266.8481445312498
28 264.31030273437483
29 261.8395996093749
30 259.14794921875006
31 256.45263671875017
32 253.74633789062517
33 250.82885742187523
34 247.8320312500002
35 244.8852539062502
36 241.89941406250017
37 238.6791992187502
38 235.5529785156252
39 232.11914062500017
40 228.83666992187517
41 225.33569335937514
42 221.83227539062517
43 218.32031250000017
44 214.65576171875017
45 210.88256835937514
46 207.13745117187514
47 203.34960937500017
48 199.39453125000014
49 195.56640625000014
50 191.49536132812517
51 187.3779296875001
52 183.23486328125014
53 179.1271972656251
54 174.8559570312501
55 170.50781250000017
56 166.14257812500017
57 161.77246093750014
58 157.31567382812509
59 152.8955078125001
60 148.2702636718751
61 143.75976562500009
62 139.1613769531251
63 134.47143554687509
64 129.77539062500009
65 125.00366210937511
66 120.17822265625011
67 115.36621093750007
68 110.52490234375009
69 105.65917968750007
70 100.58349609375011
71 95.67504882812509
72 90.78735351562506
73 85.64331054687507
74 80.60180664062504
75 75.66650390625004
76 70.59692382812507
77 65.42602539062504
78 60.27709960937504
79 55.02441406250007
80 50.03173828125004
81 44.593505859375036
82 39.60937499999998
83 34.32373046874999
84 29.144287109375036
85 23.865966796875014
86 18.83911132812501
87 13.437500000000005
88 8.405761718749995
89 3.0773925781249973
90 -2.27539062500004
91 -7.6086425781250115
92 -12.760009765625004
93 -17.98583984375004
94 -23.15917968750004
95 -28.466796875000032
96 -33.56811523437503
97 -38.77197265625003
98 -44.135742187500064
99 -49.29199218750006
100 -54.41650390625006
101 -59.37011718750005
102 -64.48852539062509
103 -69.74487304687507
104 -74.83398437500009
105 -79.87182617187504
106 -84.93286132812511
107 -90.0439453125001
108 -94.9963378906251
109 -99.93652343750011
110 -104.83520507812507
111 -109.8156738281251
112 -114.5605468750001
113 -119.47875976562511
114 -124.33959960937516
115 -129.1760253906251
116 -133.8903808593751
117 -138.5156250000001
118 -143.12866210937517
119 -147.58544921875014
120 -151.9555664062502
121 -156.66381835937514
122 -161.12060546875017
123 -165.50415039062517
124 -169.93774414062517
125 -174.13818359375014
126 -178.44604492187517
127 -182.50732421875017
128 -186.70166015625017
129 -190.81176757812514
130 -194.75585937500017
131 -198.83300781250017
132 -202.61718750000017
133 -206.46118164062517
134 -210.31616210937517
135 -214.0112304687502
136 -217.62817382812523
137 -221.25000000000017
138 -224.7338867187502
139 -227.9577636718752
140 -231.44287109375023
141 -234.88647460937523
142 -238.14575195312503
143 -241.29516601562494
144 -244.2565917968748
145 -247.2412109374998
146 -250.31005859374977
147 -253.08471679687477
148 -255.8374023437498
149 -258.6730957031248
150 -261.1718749999998
151 -263.78051757812483
152 -266.20727539062483
153 -268.59497070312483
154 -271.04858398437483
155 -273.1945800781249
156 -275.16845703124983
157 -277.4108886718748
158 -279.36889648437483
159 -281.2316894531249
160 -282.9907226562499
161 -284.69726562499983
162 -286.40380859374983
163 -287.8710937499999
164 -289.40551757812483
165 -290.6933593749998
166 -292.0336914062498
167 -293.17504882812483
168 -294.26147460937483
169 -295.3124999999998
170 -296.12426757812483
171 -297.0080566406248
172 -297.76367187499983
173 -298.3691406249998
174 -298.91113281249983
175 -299.3749999999998
176 -299.7265624999998
177 -299.9999999999999
178 -300.19409179687483
179 -300.31738281249983
