0 600.7177734375001
1 600.709228515625
2 600.440673828125
3 600.0366210937501
4 599.1650390625001
5 598.2287597656251
6 597.2473144531251
7 595.82763671875
8 594.3493652343751
9 592.8125000000001
10 590.9375000000001
11 588.99658203125
12 586.7797851562501
13 584.4470214843751
14 581.8981933593751
15 579.2248535156251
16 576.4013671875001
17 573.1237792968751
18 570.0512695312501
19 566.5637207031251
20 563.1066894531251
21 559.224853515625
22 555.3234863281251
23 551.029052734375
24 546.947021484375
25 542.4511718749999
26 537.9614257812501
27 533.0969238281251
28 528.250732421875
29 523.253173828125
30 517.77099609375
31 512.6306152343749
32 507.06787109374994
33 501.37084960937494
34 495.498046875
35 489.3896484375
36 483.36914062499994
37 477.03124999999994
38 470.50170898437494
39 463.94531249999994
40 457.2265625
41 450.24169921874994
42 443.36669921874994
43 436.34765624999994
44 429.07836914062494
45 421.53564453125
46 414.13696289062483
47 406.3867187499999
48 398.47656249999983
49 390.67993164062494
50 382.7685546874999
51 374.44335937499994
52 366.2878417968748
53 357.8430175781249
54 349.3164062499999
55 340.8801269531249
56 332.0007324218749
57 323.32153320312483
58 314.5397949218748
59 305.57373046874983
60 296.5624999999998
61 287.37915039062483
62 277.8356933593748
63 268.3959960937498
64 259.26635742187506
65 250.07446289062517
66 240.3613281250002
67 230.59326171875017
68 221.01074218750023
69 210.9375000000002
70 201.4245605468752
71 191.34155273437517
72 181.07788085937517
73 171.3818359375001
74 161.37573242187509
75 151.2463378906251
76 141.1145019531251
77 130.8801269531251
78 120.38574218750011
79 110.13061523437509
80 100.05981445312506
81 89.26147460937509
82 79.01611328125006
83 68.81958007812506
84 58.41674804687502
85 47.81982421875005
86 37.65502929687502
87 26.948242187499993
88 16.353759765625004
89 6.226806640624978
90 -4.481201171875004
91 -14.837646484375043
92 -25.164794921875032
93 -35.95825195312506
94 -46.22070312500005
95 -56.85058593750005
96 -67.31201171875009
97 -77.31445312500007
98 -88.24951171875006
99 -98.60351562500009
100 -108.55346679687514
101 -119.15649414062513
102 -129.3432617187501
103 -139.53125000000017
104 -149.80957031250014
105 -159.8657226562501
106 -169.68750000000014
107 -179.76562500000017
108 -189.71069335937514
109 -199.6325683593752
110 -209.49096679687517
111 -219.5092773437502
112 -229.30908203125023
113 -238.76586914062497
114 -248.49609374999986
115 -257.9418945312498
116 -267.28271484374983
117 -276.62841796874983
118 -285.81909179687483
119 -295.0646972656248
120 -304.14550781249983
121 -313.0126953124999
122 -321.9616699218749
123 -330.7385253906249
124 -339.4824218749999
125 -348.1213378906249
126 -356.71630859374994
127 -364.9755859374999
128 -373.16040039062494
129 -381.36108398437494
130 -389.581298828125
131 -397.2985839843749
132 -405.22583007812494
133 -412.74780273437494
134 -420.33935546874994
135 -427.75512695312494
136 -435.164794921875
137 -442.59521484374994
138 -449.24438476562494
139 -456.085205078125
140 -462.99072265624994
141 -469.36889648437494
142 -476.06201171875
143 -482.26806640625
144 -488.29345703125
145 -494.36035156249994
146 -500.35766601562506
147 -505.85571289062506
148 -511.585693359375
149 -516.865234375
150 -522.3291015625
151 -527.3876953125001
152 -532.4169921874999
153 -537.2888183593751
154 -541.62841796875
155 -546.087646484375
156 -550.3088378906251
157 -554.6350097656252
158 -558.4509277343752
159 -562.3779296875
160 -565.9082031250001
161 -569.3212890625001
162 -572.6708984375001
163 -575.6774902343751
164 -578.63525390625
165 -581.380615234375
166 -583.9367675781251
167 -586.163330078125
168 -588.543701171875
169 -590.49072265625
170 -592.254638671875
171 -593.8391113281251
172 -595.5334472656251
173 -596.5820312500001
174 -597.6232910156251
175 -598.6779785156251
176 -599.1625976562501
177 -599.7009277343751
178 -600.179443359375
179 -600.4699707031251
