0 600.7141113281251
1 600.7019042968751
2 600.5187988281251
3 599.9938964843751
4 599.3518066406251
5 598.2336425781251
6 597.2265625000001
7 596.0656738281251
8 594.6398925781251
9 593.016357421875
10 591.1572265625
11 589.1345214843751
12 586.966552734375
13 584.7070312500001
14 582.14111328125
15 579.4921875000001
16 576.619873046875
17 573.59619140625
18 570.2136230468751
19 566.976318359375
20 563.38134765625
21 559.8278808593751
22 555.68603515625
23 551.7309570312501
24 547.3510742187501
25 543.1079101562499
26 538.531494140625
27 533.7402343750001
28 528.72802734375
29 523.797607421875
30 518.5717773437499
31 513.22021484375
32 507.74169921875
33 502.07885742187506
34 496.19750976562494
35 490.19287109375
36 484.2724609375
37 477.87109375000006
38 471.409912109375
39 464.8693847656249
40 458.05664062499994
41 451.32812499999994
42 444.49951171874994
43 436.84936523437494
44 429.94140624999994
45 422.3889160156249
46 414.8364257812499
47 407.0983886718749
48 399.46166992187494
49 391.6711425781249
50 383.80249023437483
51 375.6958007812499
52 367.33276367187483
53 359.08081054687483
54 350.5676269531249
55 341.8945312499998
56 333.36547851562483
57 324.5532226562499
58 315.82763671874983
59 306.5270996093748
60 297.6770019531247
61 288.1677246093748
62 279.2553710937498
63 270.0488281249998
64 260.73120117187506
65 251.01806640625014
66 241.3696289062502
67 232.0800781250002
68 221.8920898437502
69 212.3645019531252
70 202.47070312500014
71 192.8344726562502
72 182.7514648437501
73 172.71728515625017
74 162.5390625000001
75 152.18994140625014
76 142.0373535156251
77 131.69311523437506
78 121.68334960937511
79 111.63696289062511
80 100.95214843750006
81 90.6506347656251
82 80.19775390625006
83 70.27221679687507
84 59.83520507812503
85 49.11254882812502
86 38.917236328124986
87 28.20312500000001
88 17.700195312500007
89 7.543945312499988
90 -3.1958007812500218
91 -13.67919921875007
92 -24.213867187500036
93 -34.46655273437505
94 -45.14404296875005
95 -55.32592773437506
96 -65.96313476562501
97 -76.44775390625011
98 -86.64184570312509
99 -97.12646484375009
100 -107.2900390625001
101 -117.61962890625011
102 -128.0676269531251
103 -138.3142089843751
104 -148.42895507812514
105 -158.13476562500017
106 -168.52172851562517
107 -178.75610351562517
108 -188.4655761718752
109 -198.56079101562517
110 -208.2604980468752
111 -218.24829101562523
112 -227.6550292968752
113 -237.44628906249997
114 -247.08496093749994
115 -256.9189453124998
116 -265.8581542968748
117 -275.2416992187499
118 -284.7900390624998
119 -293.9587402343748
120 -302.7685546874999
121 -312.0361328124999
122 -320.9387207031248
123 -329.98657226562483
124 -338.3984374999999
125 -347.0581054687499
126 -355.60913085937483
127 -363.9978027343749
128 -372.2338867187499
129 -380.1745605468749
130 -388.1787109374999
131 -396.3916015625
132 -404.2419433593749
133 -411.88354492187494
134 -419.56909179687494
135 -426.89575195312494
136 -434.14916992187494
137 -441.35131835937494
138 -448.155517578125
139 -455.19042968749994
140 -461.884765625
141 -468.80249023437494
142 -475.15014648437494
143 -481.53930664062494
144 -487.659912109375
145 -493.75610351562506
146 -499.50439453125
147 -505.482177734375
148 -510.914306640625
149 -516.1694335937501
150 -521.62109375
151 -527.020263671875
152 -531.6357421875
153 -536.397705078125
154 -541.201171875
155 -545.517578125
156 -549.8022460937501
157 -554.005126953125
158 -558.0993652343751
159 -561.7199707031251
160 -565.584716796875
161 -568.9660644531251
162 -572.16552734375
163 -575.31982421875
164 -578.2653808593752
165 -581.0595703125001
166 -583.3923339843751
167 -585.8728027343751
168 -588.0847167968751
169 -589.9707031250001
170 -591.8811035156251
171 -593.5949707031251
172 -595.1318359375001
173 -596.3928222656252
174 -597.408447265625
175 -598.4484863281252
176 -599.2846679687501
177 -599.8828125000002
178 -600.2661132812501
179 -600.3308105468751
