0 600.8642578125001
1 601.0070800781251
2 600.6530761718751
3 600.08544921875
4 599.310302734375
5 598.5363769531251
6 597.4060058593751
7 596.0363769531251
8 594.4409179687501
9 593.018798828125
10 590.943603515625
11 589.11376953125
12 586.8151855468751
13 584.4372558593751
14 581.9982910156251
15 579.1308593750001
16 576.2255859375001
17 573.2470703125001
18 569.8193359375001
19 566.407470703125
20 562.9968261718751
21 559.3005371093751
22 555.140380859375
23 550.853271484375
24 546.9384765625
25 542.37548828125
26 537.686767578125
27 532.9345703125
28 527.9101562499999
29 523.0383300781251
30 517.4536132812501
31 512.301025390625
32 506.781005859375
33 500.977783203125
34 495.13549804687494
35 489.08935546874994
36 482.74169921875
37 476.68212890625
38 470.06103515625
39 463.6437988281249
40 456.87744140624994
41 449.9316406249999
42 442.8808593749999
43 435.8251953124999
44 428.55712890625
45 421.04125976562494
46 413.4851074218749
47 405.83618164062494
48 398.0737304687499
49 389.6838378906249
50 382.0190429687499
51 373.8513183593748
52 365.6457519531249
53 357.1069335937499
54 348.91845703124983
55 340.5139160156249
56 331.31713867187483
57 322.87231445312483
58 313.88061523437483
59 304.91333007812483
60 295.58959960937483
61 286.59179687499983
62 277.2680664062498
63 268.04199218749983
64 258.59375000000006
65 248.94165039062517
66 239.4470214843752
67 229.78515625000017
68 219.89013671875017
69 210.1525878906252
70 200.27587890625017
71 190.30517578125014
72 180.33447265625014
73 170.50292968750014
74 159.8742675781251
75 150.0683593750001
76 140.23071289062514
77 129.93774414062509
78 119.71557617187511
79 109.23828125000013
80 98.89282226562504
81 88.58886718750006
82 78.28369140625006
83 68.02612304687503
84 57.74414062500004
85 46.870117187500036
86 36.41113281250002
87 25.889892578124996
88 15.48828125
89 4.644775390624995
90 -5.498046875000044
91 -16.090087890625007
92 -26.48071289062503
93 -36.788330078125064
94 -47.18261718750006
95 -57.76245117187507
96 -68.44482421875004
97 -78.73046875000009
98 -89.85717773437509
99 -99.2797851562501
100 -109.8925781250001
101 -119.7631835937501
102 -130.32104492187514
103 -140.50292968750017
104 -150.8227539062501
105 -160.8496093750002
106 -170.65795898437517
107 -180.97778320312517
108 -190.8715820312502
109 -200.50537109375023
110 -210.6787109375002
111 -220.4174804687502
112 -229.92431640625023
113 -239.96826171874997
114 -248.73657226562486
115 -258.72680664062483
116 -268.14453124999983
117 -277.38159179687483
118 -286.65771484374983
119 -296.24389648437483
120 -305.3833007812499
121 -314.2126464843749
122 -322.9833984374998
123 -331.92260742187483
124 -340.5432128906249
125 -349.14306640624983
126 -357.6403808593749
127 -366.0986328124999
128 -374.11621093749994
129 -382.3486328124999
130 -390.0842285156249
131 -398.40576171875
132 -406.24633789062494
133 -413.99291992187494
134 -421.513671875
135 -428.93798828124994
136 -436.37207031249994
137 -443.1848144531249
138 -450.21728515624994
139 -457.34497070312494
140 -463.89526367187494
141 -470.72143554687494
142 -476.86279296875
143 -483.25439453124994
144 -489.33593750000006
145 -494.82421875000006
146 -501.1083984375
147 -507.034912109375
148 -512.40234375
149 -517.7856445312501
150 -522.928466796875
151 -528.1701660156251
152 -533.0419921875
153 -537.760009765625
154 -542.410888671875
155 -546.802978515625
156 -551.209716796875
157 -555.2551269531251
158 -558.9489746093751
159 -562.969970703125
160 -566.6540527343751
161 -569.852294921875
162 -573.218994140625
163 -576.0974121093751
164 -578.9172363281251
165 -581.7236328125
166 -584.2395019531251
167 -586.5856933593751
168 -588.8500976562501
169 -590.6689453125001
170 -592.6123046875
171 -594.3127441406251
172 -595.6909179687502
173 -596.8664550781251
174 -598.1030273437501
175 -598.8110351562501
176 -599.4909667968751
177 -600.2185058593751
178 -600.5627441406251
179 -600.6433105468751
