0 150.70922851562514
1 150.67504882812517
2 150.60546875000014
3 150.4748535156251
4 150.2746582031251
5 150.0732421875001
6 149.7802734375001
7 149.4689941406252
8 149.10522460937514
9 148.69873046875009
10 148.24096679687509
11 147.7404785156251
12 147.2021484375001
13 146.6101074218752
14 145.97656250000009
15 145.29663085937506
16 144.59472656250017
17 143.81347656250009
18 142.9968261718751
19 142.1447753906251
20 141.24267578125017
21 140.3234863281251
22 139.3176269531251
23 138.29467773437509
24 137.2351074218751
25 136.1303710937501
26 135.0000000000001
27 133.78906250000006
28 132.5781250000001
29 131.2988281250001
30 130.02197265625014
31 128.67919921875009
32 127.27905273437509
33 125.83374023437507
34 124.37988281250011
35 122.8784179687501
36 121.33056640625009
37 119.7680664062501
38 118.16528320312509
39 116.53198242187507
40 114.83764648437507
41 113.12622070312509
42 111.37451171875013
43 109.59228515625007
44 107.79052734375007
45 105.92651367187511
46 104.03076171875011
47 102.1020507812501
48 100.16357421875009
49 98.15673828125007
50 96.1767578125001
51 94.15161132812507
52 92.10937500000007
53 90.02563476562509
54 87.88574218750003
55 85.7141113281251
56 83.58642578125006
57 81.38061523437509
58 79.17236328125004
59 76.90673828125006
60 74.66308593750007
61 72.36572265625001
62 70.06713867187503
63 67.69897460937506
64 65.39672851562504
65 62.96875000000013
66 60.62133789062508
67 58.18847656250004
68 55.73852539062506
69 53.29223632812502
70 50.847167968750085
71 48.39477539062504
72 45.83496093750001
73 43.3349609375
74 40.82275390625004
75 38.32885742187504
76 35.76660156250004
77 33.23974609374997
78 30.68481445312503
79 28.09936523437502
80 25.490722656250007
81 22.91992187500004
82 20.308837890625043
83 17.76489257812499
84 15.128173828125
85 12.53173828125003
86 9.930419921874975
87 7.307128906249995
88 4.643554687500016
89 2.014160156249979
90 -0.5871582031250002
91 -3.1677246093750333
92 -5.820312500000028
93 -8.45825195312499
94 -11.063232421875027
95 -13.65722656250004
96 -16.240234374999982
97 -18.82934570312508
98 -21.48071289062504
99 -24.012451171875025
100 -26.627197265625043
101 -29.166259765625064
102 -31.793212890625
103 -34.313964843750014
104 -36.81762695312505
105 -39.37866210937507
106 -41.92382812500005
107 -44.48730468750004
108 -46.97143554687505
109 -49.396972656250036
110 -51.85913085937505
111 -54.31396484375007
112 -56.77978515625002
113 -59.18334960937507
114 -61.55151367187506
115 -63.955078125000064
116 -66.3061523437501
117 -68.6547851562501
118 -70.89721679687507
119 -73.27392578125006
120 -75.50781250000007
121 -77.75878906250006
122 -80.03295898437507
123 -82.2021484375001
124 -84.38232421875009
125 -86.54907226562509
126 -88.71093750000014
127 -90.79833984375009
128 -92.86621093750011
129 -94.8840332031251
130 -96.8762207031251
131 -98.84521484375009
132 -100.8483886718751
133 -102.73559570312506
134 -104.63378906250004
135 -106.48559570312511
136 -108.3178710937501
137 -110.13183593750011
138 -111.87622070312516
139 -113.66333007812504
140 -115.28076171875018
141 -116.98486328125007
142 -118.62548828125014
143 -120.1892089843751
144 -121.82861328125014
145 -123.24096679687516
146 -124.82055664062518
147 -126.20971679687514
148 -127.62817382812514
149 -128.99658203125009
150 -130.35522460937509
151 -131.65649414062517
152 -132.8710937500001
153 -134.11865234375014
154 -135.2746582031251
155 -136.3830566406251
156 -137.47680664062514
157 -138.5375976562501
158 -139.49218750000014
159 -140.40405273437517
160 -141.36230468750023
161 -142.1887207031251
162 -143.0078125000001
163 -143.80493164062526
164 -144.50683593750009
165 -145.19531250000017
166 -145.87158203125017
167 -146.4477539062501
168 -147.00561523437514
169 -147.5134277343751
170 -147.9736328125001
171 -148.38867187500014
172 -148.75488281250017
173 -149.0710449218751
174 -149.34692382812514
175 -149.5837402343751
176 -149.78515625000023
177 -149.92431640625014
178 -150.04638671875006
179 -150.10620117187506
