0 450.94238281249994
1 451.00830078125
2 450.74584960937494
3 450.474853515625
4 449.86206054687494
5 449.2553710937499
6 448.4692382812499
7 447.45849609374994
8 446.4929199218749
9 445.135498046875
10 443.8427734375
11 442.31933593749994
12 440.76416015624994
13 438.91235351562494
14 437.1130371093749
15 435.08544921874994
16 433.0175781249999
17 430.5615234375
18 428.21777343749994
19 425.78613281249994
20 423.10302734374994
21 420.22338867187494
22 417.2119140624999
23 414.18579101562483
24 410.97656249999994
25 407.75390624999994
26 404.33837890624994
27 400.7604980468749
28 397.1350097656249
29 393.2226562499999
30 389.4226074218749
31 385.2856445312499
32 381.15234374999983
33 376.9812011718749
34 372.56713867187483
35 367.9956054687499
36 363.3227539062498
37 358.82080078124983
38 353.81347656249983
39 348.94409179687483
40 343.89892578124983
41 338.7182617187499
42 333.6474609374999
43 328.1628417968749
44 322.8186035156249
45 317.2094726562498
46 311.5832519531249
47 305.8728027343748
48 299.8168945312498
49 294.1418457031248
50 287.9443359374998
51 281.8994140624998
52 275.8007812499998
53 269.51782226562483
54 263.08959960937494
55 256.6674804687501
56 250.28198242187517
57 243.58642578125023
58 237.08618164062523
59 230.33447265625017
60 223.3911132812502
61 216.6455078125002
62 209.68627929687514
63 202.7490234375001
64 195.67871093750017
65 188.47656250000017
66 181.25366210937514
67 174.1040039062502
68 166.73706054687509
69 159.45556640625014
70 151.9628906250001
71 144.54833984375009
72 137.17529296875014
73 129.53125000000009
74 122.2412109375001
75 114.6044921875001
76 106.8261718750001
77 99.02832031250009
78 91.59545898437507
79 83.79272460937507
80 75.97412109375004
81 68.31298828125006
82 60.68969726562503
83 52.7783203125
84 45.00976562500002
85 37.054443359375014
86 29.144287109374993
87 21.19384765625002
88 13.479003906249995
89 5.532226562500013
90 -2.158203124999987
91 -10.241699218750018
92 -18.106689453125032
93 -25.734863281250046
94 -33.69506835937504
95 -41.86157226562508
96 -49.45800781250005
97 -57.241210937500064
98 -65.01586914062507
99 -72.48291015625006
100 -80.51635742187507
101 -87.96142578125007
102 -95.76171875000011
103 -103.63525390625009
104 -111.64794921875014
105 -119.17480468750013
106 -126.29760742187513
107 -134.1113281250001
108 -141.5270996093751
109 -148.88916015625017
110 -156.22192382812517
111 -163.6755371093752
112 -170.94482421875014
113 -178.28247070312514
114 -185.29052734375017
115 -192.4401855468752
116 -199.4531250000002
117 -206.54296875000017
118 -213.70605468750026
119 -220.4162597656252
120 -227.25830078125023
121 -233.9697265625002
122 -240.68969726562494
123 -247.3010253906249
124 -253.93432617187483
125 -260.55053710937483
126 -266.69311523437483
127 -273.13964843749983
128 -279.30175781249983
129 -285.23437499999983
130 -291.36840820312483
131 -297.2851562499998
132 -303.16040039062483
133 -308.92211914062483
134 -314.5922851562499
135 -320.2172851562499
136 -325.7568359374999
137 -331.0852050781249
138 -336.2646484374999
139 -341.36230468749983
140 -346.5942382812499
141 -351.4074707031249
142 -356.44775390624994
143 -361.1486816406249
144 -365.7824707031249
145 -370.3051757812499
146 -374.80834960937494
147 -379.10766601562494
148 -383.41796874999994
149 -387.3889160156249
150 -391.3061523437499
151 -395.1257324218749
152 -398.90258789062494
153 -402.55737304687494
154 -406.0119628906249
155 -409.3066406249999
156 -412.70874023437494
157 -415.7189941406249
158 -418.79272460937494
159 -421.5380859375
160 -424.26147460937494
161 -427.07763671874994
162 -429.3298339843749
163 -431.68823242187494
164 -433.81958007812494
165 -435.87402343749994
166 -437.85888671874994
167 -439.72045898437494
168 -441.30249023437494
169 -442.81860351562494
170 -444.2077636718749
171 -445.421142578125
172 -446.55151367187494
173 -447.63671875
174 -448.44848632812494
175 -449.05273437499994
176 -449.7265625
177 -449.96337890624994
178 -450.352783203125
179 -450.50048828125
