0 150.6713867187502
1 150.6738281250002
2 150.59936523437517
3 150.4614257812501
4 150.29907226562509
5 150.08422851562514
6 149.82055664062509
7 149.49584960937523
8 149.15405273437514
9 148.72924804687509
10 148.25805664062509
11 147.79663085937514
12 147.2351074218751
13 146.68334960937514
14 146.06567382812514
15 145.34667968750009
16 144.68872070312517
17 143.9001464843751
18 143.0749511718752
19 142.2436523437501
20 141.3269042968751
21 140.40771484375009
22 139.45068359375006
23 138.4130859375001
24 137.34863281250009
25 136.23901367187509
26 135.09887695312514
27 133.91479492187514
28 132.69775390625014
29 131.45507812500009
30 130.1367187500001
31 128.8146972656251
32 127.44140625000011
33 125.99853515625014
34 124.5483398437501
35 123.02978515625009
36 121.5307617187501
37 119.96215820312516
38 118.3251953125001
39 116.71142578125007
40 115.05249023437511
41 113.30688476562513
42 111.6149902343751
43 109.81079101562511
44 108.00781250000013
45 106.14501953125006
46 104.26635742187509
47 102.34619140625009
48 100.38085937500004
49 98.46801757812506
50 96.44165039062507
51 94.42382812500011
52 92.35595703125007
53 90.23681640625006
54 88.13232421875011
55 86.04858398437507
56 83.84399414062511
57 81.61376953125004
58 79.42871093750009
59 77.21069335937504
60 74.93652343750006
61 72.63916015625007
62 70.33813476562506
63 68.03344726562501
64 65.63232421875
65 63.278808593749986
66 60.86914062500001
67 58.51684570312503
68 56.04980468750005
69 53.59985351562502
70 51.13037109374999
71 48.64257812500001
72 46.192626953125014
73 43.66699218750004
74 41.204833984375036
75 38.65722656250005
76 36.072998046874986
77 33.446044921875036
78 31.037597656250032
79 28.40942382812505
80 25.786132812500014
81 23.261718750000014
82 20.643310546875014
83 18.08837890624996
84 15.386962890625021
85 12.847900390625007
86 10.24291992187499
87 7.613525390625014
88 4.945068359374992
89 2.413330078125005
90 -0.33325195312503
91 -2.895507812500045
92 -5.531005859374987
93 -8.116455078125028
94 -10.750732421875012
95 -13.360595703124979
96 -15.946044921875027
97 -18.485107421875057
98 -21.16333007812502
99 -23.752441406250068
100 -26.339111328125046
101 -28.89648437500001
102 -31.48193359375001
103 -33.91357421875008
104 -36.56860351562506
105 -39.10522460937502
106 -41.61376953125004
107 -44.089355468750064
108 -46.65649414062505
109 -49.075927734375036
110 -51.583251953125036
111 -54.02587890625005
112 -56.48071289062505
113 -58.88183593750005
114 -61.24755859375004
115 -63.64990234375001
116 -66.02905273437507
117 -68.38134765625007
118 -70.67260742187506
119 -73.04443359375007
120 -75.23925781250004
121 -77.54272460937506
122 -79.74243164062506
123 -81.95678710937507
124 -84.22119140625009
125 -86.30981445312513
126 -88.4265136718751
127 -90.57495117187509
128 -92.6342773437501
129 -94.70703125000007
130 -96.68212890625009
131 -98.6828613281251
132 -100.65551757812514
133 -102.59521484375014
134 -104.52636718750016
135 -106.32446289062513
136 -108.19091796875013
137 -109.97070312500013
138 -111.72241210937506
139 -113.46191406250014
140 -115.19775390625006
141 -116.86157226562518
142 -118.5009765625001
143 -120.08300781250014
144 -121.62719726562513
145 -123.18115234375009
146 -124.65332031250007
147 -126.09497070312506
148 -127.52319335937509
149 -128.88549804687517
150 -130.22827148437517
151 -131.53564453125017
152 -132.7941894531251
153 -133.9685058593751
154 -135.1831054687501
155 -136.3342285156251
156 -137.35717773437517
157 -138.36547851562514
158 -139.39697265625017
159 -140.3283691406251
160 -141.2548828125002
161 -142.10205078125009
162 -142.92602539062517
163 -143.72924804687517
164 -144.42626953125014
165 -145.1013183593751
166 -145.75439453125023
167 -146.36352539062517
168 -146.94824218750017
169 -147.44140625000014
170 -147.91015625000014
171 -148.3532714843752
172 -148.68896484375014
173 -149.0539550781251
174 -149.36401367187514
175 -149.56909179687517
176 -149.78027343750017
177 -149.95361328125014
178 -150.02563476562509
179 -150.05615234375009
