0 150.70312500000017
1 150.66772460937517
2 150.58837890625014
3 150.46386718750009
4 150.28930664062509
5 150.05126953125014
6 149.7900390625001
7 149.4348144531252
8 149.0856933593752
9 148.6743164062501
10 148.21411132812509
11 147.6953125000001
12 147.15454101562517
13 146.5771484375002
14 145.93383789062506
15 145.23803710937514
16 144.52880859375014
17 143.77075195312514
18 142.95043945312509
19 142.10083007812514
20 141.19384765625014
21 140.24780273437509
22 139.2822265625001
23 138.24584960937509
24 137.1582031250001
25 136.0498046875001
26 134.9035644531251
27 133.7097167968751
28 132.4951171875001
29 131.19995117187514
30 129.90966796875009
31 128.56567382812509
32 127.1838378906251
33 125.73364257812511
34 124.29199218750011
35 122.7612304687501
36 121.25366210937507
37 119.65087890625007
38 118.07250976562513
39 116.3964843750001
40 114.73266601562507
41 113.03588867187509
42 111.27441406250007
43 109.49096679687507
44 107.66479492187506
45 105.80322265625009
46 103.92456054687513
47 101.99096679687511
48 100.0524902343751
49 98.10791015625004
50 96.08276367187509
51 94.03442382812507
52 91.96411132812513
53 89.91210937500004
54 87.77709960937507
55 85.59936523437509
56 83.46679687500006
57 81.26708984375006
58 79.04907226562504
59 76.79931640625004
60 74.48608398437509
61 72.25585937500007
62 69.90844726562506
63 67.56591796875003
64 65.24291992187503
65 62.923583984375085
66 60.42968750000005
67 58.07250976562508
68 55.66772460937508
69 53.13476562500002
70 50.692138671875036
71 48.249511718750036
72 45.72631835937502
73 43.21777343750004
74 40.71899414062506
75 38.16894531250006
76 35.61401367187495
77 33.104248046874986
78 30.544433593750018
79 27.92846679687501
80 25.401611328124982
81 22.80517578125002
82 20.183105468750004
83 17.554931640625007
84 14.985351562500027
85 12.316894531250025
86 9.794921874999966
87 7.175292968750025
88 4.5251464843749645
89 1.8713378906250397
90 -0.7739257812500872
91 -3.3886718750000266
92 -5.971679687500002
93 -8.570556640625053
94 -11.21948242187503
95 -13.867187499999975
96 -16.43920898437505
97 -19.077148437500032
98 -21.666259765624986
99 -24.196777343750053
100 -26.785888671875064
101 -29.345703125000018
102 -31.94946289062503
103 -34.46533203125008
104 -37.026367187500064
105 -39.559326171875036
106 -42.030029296875014
107 -44.537353515625064
108 -47.07885742187505
109 -49.56542968750005
110 -52.04467773437505
111 -54.52880859375008
112 -56.890869140625036
113 -59.32250976562504
114 -61.67968750000003
115 -64.08081054687503
116 -66.45507812500004
117 -68.8549804687501
118 -71.10473632812504
119 -73.36547851562503
120 -75.65795898437509
121 -77.93334960937507
122 -80.13183593750011
123 -82.3132324218751
124 -84.4873046875001
125 -86.67602539062511
126 -88.8256835937501
127 -90.85205078125007
128 -92.91870117187511
129 -95.00000000000007
130 -96.99584960937504
131 -98.99902343750011
132 -100.94726562500009
133 -102.81982421875013
134 -104.74609375000007
135 -106.62353515625006
136 -108.45092773437509
137 -110.25146484375006
138 -112.05444335937514
139 -113.72680664062504
140 -115.38696289062514
141 -117.06787109375006
142 -118.70239257812517
143 -120.28686523437513
144 -121.86889648437514
145 -123.36914062500021
146 -124.8486328125002
147 -126.32812500000018
148 -127.70507812500017
149 -129.11499023437517
150 -130.41992187500006
151 -131.6955566406251
152 -132.9614257812502
153 -134.20166015625006
154 -135.29296875000014
155 -136.45874023437514
156 -137.5390625000001
157 -138.5693359375001
158 -139.55444335937514
159 -140.49072265625017
160 -141.3781738281252
161 -142.22534179687509
162 -143.09326171875009
163 -143.83666992187523
164 -144.58618164062503
165 -145.2294921875002
166 -145.89721679687517
167 -146.4855957031251
168 -147.0996093750001
169 -147.5476074218751
170 -147.9821777343751
171 -148.40087890625017
172 -148.8159179687502
173 -149.13574218750014
174 -149.40795898437517
175 -149.63867187500014
176 -149.82421875000017
177 -149.94995117187514
178 -150.06225585937509
179 -150.08666992187509
