0 300.73852539062483
1 300.7556152343748
2 300.5529785156248
3 300.3124999999999
4 299.93530273437483
5 299.4763183593748
6 298.94653320312483
7 298.35693359374983
8 297.6330566406248
9 296.77124023437483
10 295.88989257812483
11 294.87548828124983
12 293.7341308593748
13 292.6098632812499
14 291.28784179687483
15 289.9023437499998
16 288.5937499999998
17 286.9897460937498
18 285.39672851562483
19 283.5900878906248
20 281.9042968749997
21 279.99999999999983
22 278.0480957031248
23 275.9814453124998
24 273.8757324218748
25 271.6125488281248
26 269.37011718749983
27 266.91894531249983
28 264.5300292968748
29 261.94946289062483
30 259.42016601562506
31 256.65161132812517
32 253.86230468750014
33 251.00952148437523
34 248.11889648437517
35 245.11596679687523
36 242.05932617187523
37 238.88793945312517
38 235.6298828125002
39 232.36938476562526
40 228.94287109375023
41 225.50659179687523
42 222.03491210937517
43 218.46557617187517
44 214.92553710937517
45 211.0522460937502
46 207.2424316406252
47 203.4692382812502
48 199.6691894531252
49 195.73852539062523
50 191.60644531250014
51 187.5915527343752
52 183.47778320312514
53 179.22119140625014
54 175.13427734375014
55 170.8544921875001
56 166.50268554687514
57 162.00683593750014
58 157.6562500000001
59 153.0737304687501
60 148.50463867187514
61 143.9685058593751
62 139.3103027343751
63 134.73388671875009
64 129.9804687500001
65 125.25024414062507
66 120.4870605468751
67 115.47119140625007
68 110.9375000000001
69 105.77270507812506
70 100.9643554687501
71 96.0253906250001
72 90.8996582031251
73 85.94482421875007
74 80.91308593750007
75 75.83862304687507
76 70.71899414062507
77 65.68359375000006
78 60.59570312500006
79 55.45898437500004
80 50.30639648437501
81 45.07690429687503
82 39.93408203125003
83 34.653320312500014
84 29.367675781250018
85 24.332275390625032
86 18.977050781250032
87 13.687744140624993
88 8.4912109375
89 3.2946777343749805
90 -1.953125
91 -7.263183593750055
92 -12.60009765625001
93 -17.65747070312501
94 -23.04443359375004
95 -28.22143554687503
96 -33.39355468750006
97 -38.54248046875001
98 -43.81347656250004
99 -49.00390625000004
100 -54.20776367187505
101 -59.23339843750007
102 -64.41894531250004
103 -69.4287109375001
104 -74.46289062500007
105 -79.64233398437509
106 -84.60327148437507
107 -89.67773437500013
108 -94.69360351562509
109 -99.5227050781251
110 -104.69848632812511
111 -109.5727539062501
112 -114.3347167968751
113 -119.15527343750013
114 -123.98315429687511
115 -128.7109375000001
116 -133.3862304687501
117 -138.0700683593752
118 -142.65625000000014
119 -147.19238281250017
120 -151.8908691406251
121 -156.2976074218751
122 -160.78979492187514
123 -165.10253906250014
124 -169.50927734375014
125 -173.84155273437517
126 -178.05175781250014
127 -182.28637695312514
128 -186.4428710937502
129 -190.4785156250002
130 -194.62768554687514
131 -198.43017578125017
132 -202.3278808593752
133 -206.12792968750023
134 -210.0134277343752
135 -213.7622070312502
136 -217.36206054687514
137 -221.00463867187526
138 -224.40429687500026
139 -227.87963867187523
140 -231.22680664062526
141 -234.6850585937502
142 -237.80517578125006
143 -240.96557617187491
144 -244.12963867187483
145 -247.05932617187483
146 -250.11596679687474
147 -252.86254882812474
148 -255.62744140624977
149 -258.4106445312498
150 -261.13037109374983
151 -263.6340332031248
152 -266.30859374999983
153 -268.5498046874998
154 -270.83862304687483
155 -273.0139160156248
156 -275.15991210937483
157 -277.18505859374983
158 -279.23095703124983
159 -281.23901367187483
160 -282.9321289062498
161 -284.5971679687499
162 -286.2756347656248
163 -287.78930664062483
164 -289.32861328124983
165 -290.5688476562498
166 -291.8945312499999
167 -293.12011718749983
168 -294.20654296874983
169 -295.2075195312498
170 -296.0852050781249
171 -296.9750976562498
172 -297.67700195312483
173 -298.2690429687498
174 -298.8537597656248
175 -299.2907714843748
176 -299.69238281249983
177 -299.94628906249983
178 -300.11108398437483
179 -300.2526855468748
