0 451.00341796874994
1 450.94970703125
2 450.71655273437494
3 450.26000976562494
4 449.79248046874994
5 449.06494140625
6 448.20434570312494
7 447.25463867187494
8 446.16821289062494
9 444.9560546874999
10 443.5607910156249
11 442.02758789062494
12 440.3283691406249
13 438.56079101562494
14 436.72485351562494
15 434.63745117187494
16 432.3425292968749
17 430.12207031249994
18 427.69653320312494
19 425.2124023437499
20 422.4963378906249
21 419.51293945312494
22 416.5539550781249
23 413.57543945312494
24 410.4455566406249
25 407.10449218749994
26 403.5925292968749
27 400.0500488281249
28 396.3073730468749
29 392.55859374999983
30 388.6621093749999
31 384.41284179687483
32 380.3576660156249
33 376.0876464843749
34 371.68701171874983
35 367.0983886718749
36 362.56591796874983
37 357.8698730468749
38 353.03955078124983
39 348.04199218749983
40 343.08349609374983
41 337.74902343749983
42 332.63916015624983
43 327.27905273437483
44 321.58081054687483
45 316.16333007812483
46 310.31372070312483
47 304.85961914062483
48 298.9233398437499
49 292.90771484374983
50 286.8408203124998
51 280.79101562499983
52 274.6997070312498
53 268.3801269531247
54 261.96411132812494
55 255.38818359375009
56 248.98803710937526
57 242.43408203125017
58 235.7324218750002
59 228.93554687500023
60 222.13989257812517
61 215.45776367187517
62 208.4716796875002
63 201.53076171875014
64 194.2761230468752
65 187.21069335937517
66 179.96826171875014
67 172.70019531250014
68 165.41625976562514
69 157.99560546875014
70 150.7202148437501
71 143.19702148437514
72 135.4650878906251
73 128.2104492187501
74 120.52001953125007
75 113.02124023437507
76 105.39794921875009
77 97.88208007812509
78 90.0720214843751
79 82.38037109375007
80 74.61669921875004
81 66.77978515625004
82 58.924560546875036
83 51.15722656250006
84 43.385009765625036
85 35.56518554687506
86 27.849121093750004
87 19.956054687500004
88 12.062988281249986
89 4.230957031249989
90 -3.7255859375000187
91 -11.46972656250001
92 -19.550781250000046
93 -27.19238281250002
94 -35.05615234375001
95 -42.78686523437505
96 -50.80932617187506
97 -58.56933593750006
98 -66.58691406250007
99 -74.08569335937509
100 -82.00439453125006
101 -89.74853515625011
102 -97.38647460937507
103 -105.02441406250011
104 -112.62817382812507
105 -120.26977539062514
106 -127.6928710937501
107 -135.31616210937514
108 -142.8625488281251
109 -150.25512695312514
110 -157.39990234375017
111 -164.9035644531251
112 -172.13012695312517
113 -179.40917968750017
114 -186.56127929687523
115 -193.68041992187514
116 -200.94726562500017
117 -208.07617187500023
118 -214.87548828125017
119 -221.7431640625002
120 -228.4582519531252
121 -235.37597656250009
122 -241.90307617187497
123 -248.45336914062483
124 -255.1049804687498
125 -261.4526367187498
126 -267.8051757812497
127 -274.2504882812498
128 -280.2624511718749
129 -286.5673828124998
130 -292.50244140624983
131 -298.3081054687499
132 -304.3322753906249
133 -309.92797851562483
134 -315.57006835937483
135 -321.3012695312499
136 -326.4709472656249
137 -332.1984863281249
138 -337.3144531249999
139 -342.4865722656249
140 -347.5134277343749
141 -352.51464843749983
142 -357.3718261718749
143 -362.1069335937499
144 -366.8103027343749
145 -371.30126953124994
146 -375.6494140624999
147 -379.9926757812499
148 -384.1003417968749
149 -388.1628417968749
150 -392.10937499999994
151 -395.95336914062494
152 -399.46655273437494
153 -403.1848144531249
154 -406.74194335937494
155 -410.072021484375
156 -413.13842773437494
157 -416.2841796875
158 -419.22729492187494
159 -422.03124999999994
160 -424.864501953125
161 -427.07275390624994
162 -429.7180175781249
163 -432.054443359375
164 -434.33593749999994
165 -436.3671875
166 -438.22998046874994
167 -439.9658203125
168 -441.56249999999994
169 -442.97485351562494
170 -444.33349609375
171 -445.69091796874994
172 -446.9140625
173 -447.796630859375
174 -448.54003906249994
175 -449.1845703125
176 -449.58984375
177 -450.26245117187494
178 -450.51391601562494
179 -450.611572265625
