0 600.5993652343751
1 600.565185546875
2 600.3784179687501
3 599.8767089843751
4 599.1906738281251
5 598.1811523437501
6 597.1252441406251
7 595.908203125
8 594.2919921875001
9 592.4365234375002
10 590.9887695312501
11 588.8806152343751
12 586.5637207031251
13 584.2626953125001
14 581.7358398437501
15 579.01611328125
16 576.0009765625
17 572.984619140625
18 569.810791015625
19 566.4331054687501
20 562.7001953124999
21 559.083251953125
22 554.94140625
23 550.90576171875
24 546.6137695312501
25 542.108154296875
26 537.6367187500001
27 532.79541015625
28 528.19580078125
29 522.8918457031251
30 517.572021484375
31 512.310791015625
32 506.91894531250006
33 501.06689453125
34 495.17333984374994
35 489.15283203125006
36 483.07861328125
37 476.6650390625
38 470.086669921875
39 463.43749999999994
40 456.72241210937494
41 450.0683593749999
42 442.88208007812494
43 435.6774902343749
44 428.41064453124994
45 421.1474609374999
46 413.70239257812483
47 405.91064453124994
48 398.2641601562499
49 390.17944335937494
50 382.3046874999999
51 373.9147949218749
52 365.8178710937499
53 357.2265624999999
54 348.96606445312483
55 339.9560546874999
56 331.54541015624983
57 322.98828124999983
58 313.82202148437483
59 305.14038085937483
60 295.68237304687483
61 286.8688964843748
62 277.5256347656248
63 268.33129882812483
64 258.5754394531251
65 249.23828125000017
66 239.6960449218752
67 229.8754882812502
68 220.1013183593752
69 210.3967285156252
70 200.6835937500001
71 190.6518554687502
72 180.7763671875001
73 170.65795898437514
74 160.8459472656251
75 150.6726074218751
76 140.2893066406251
77 130.2111816406251
78 119.72778320312507
79 109.61914062500009
80 99.26635742187506
81 89.0051269531251
82 78.45581054687506
83 67.92846679687504
84 57.96264648437502
85 47.246093750000014
86 36.75170898437502
87 26.374511718750007
88 15.869140625
89 5.367431640625017
90 -5.3417968750000195
91 -15.732421875000034
92 -25.89721679687504
93 -36.55639648437502
94 -47.04345703125007
95 -57.49877929687507
96 -68.01025390625007
97 -78.3435058593751
98 -88.9208984375001
99 -98.89282226562514
100 -109.1699218750001
101 -119.50805664062511
102 -129.82177734375014
103 -140.2136230468751
104 -150.24780273437514
105 -160.23437500000014
106 -170.56762695312517
107 -180.24536132812517
108 -190.2148437500002
109 -200.0952148437502
110 -210.14038085937517
111 -220.00610351562523
112 -229.80102539062526
113 -239.24072265625003
114 -249.09912109374983
115 -258.31542968749983
116 -267.83081054687483
117 -277.08007812499983
118 -286.4782714843749
119 -295.67993164062483
120 -304.5971679687499
121 -313.6706542968749
122 -322.47802734374983
123 -331.2768554687498
124 -340.1867675781249
125 -348.5839843749999
126 -356.9860839843749
127 -365.28320312499983
128 -373.60473632812483
129 -382.0068359374999
130 -389.7888183593749
131 -397.93945312499994
132 -405.65795898437494
133 -413.22998046875006
134 -420.86303710937494
135 -428.04443359375
136 -435.4077148437499
137 -442.66479492187494
138 -449.89868164062494
139 -456.49047851562494
140 -463.30322265624994
141 -469.884033203125
142 -476.50634765625
143 -482.8369140625
144 -488.88916015625006
145 -494.847412109375
146 -500.77148437499994
147 -506.378173828125
148 -511.88476562499994
149 -517.244873046875
150 -522.705078125
151 -527.557373046875
152 -532.6904296875001
153 -537.4389648437501
154 -542.0654296875001
155 -546.5026855468751
156 -550.7080078125
157 -554.8352050781251
158 -558.919677734375
159 -562.506103515625
160 -566.2353515625
161 -569.59716796875
162 -572.8442382812501
163 -575.9411621093751
164 -578.8513183593751
165 -581.5380859375001
166 -583.8745117187501
167 -586.3916015625
168 -588.7744140625001
169 -590.4064941406251
170 -592.3071289062501
171 -593.92822265625
172 -595.3967285156251
173 -596.5515136718751
174 -598.0493164062501
175 -598.6108398437501
176 -599.3994140625001
177 -599.8291015625
178 -600.3356933593751
179 -600.4199218750001
