0 300.8532714843748
1 300.7910156249998
2 300.7360839843748
3 300.39672851562483
4 300.1086425781249
5 299.63623046874983
6 299.0734863281248
7 298.42285156249983
8 297.6257324218748
9 296.81396484374983
10 295.96801757812483
11 294.85351562499983
12 293.8183593749998
13 292.6074218749999
14 291.29760742187483
15 289.9853515624998
16 288.4521484374998
17 286.96655273437483
18 285.32592773437483
19 283.6718749999998
20 281.7846679687498
21 279.87792968749983
22 278.0334472656248
23 275.87768554687483
24 273.7658691406248
25 271.5502929687498
26 269.22973632812483
27 266.7932128906248
28 264.34082031249983
29 261.76635742187483
30 259.24560546875006
31 256.65161132812517
32 253.7548828125002
33 250.77270507812523
34 247.9223632812502
35 244.9182128906252
36 241.9030761718752
37 238.6376953125002
38 235.46630859375017
39 232.19848632812514
40 228.84765625000014
41 225.30029296875017
42 221.75415039062523
43 218.2019042968752
44 214.6362304687502
45 210.85693359375017
46 207.03857421875017
47 203.26904296875014
48 199.32739257812509
49 195.38085937500014
50 191.36840820312517
51 187.35229492187514
52 183.1127929687502
53 179.04907226562514
54 174.73266601562514
55 170.50415039062514
56 166.08886718750014
57 161.72607421875014
58 157.22045898437509
59 152.82592773437514
60 148.24951171875014
61 143.59619140625014
62 139.0051269531251
63 134.4409179687501
64 129.66796875000009
65 124.77539062500011
66 120.0732421875001
67 115.34301757812513
68 110.3710937500001
69 105.4199218750001
70 100.60668945312509
71 95.57128906250007
72 90.64941406250009
73 85.51391601562511
74 80.43457031250007
75 75.51025390625003
76 70.29418945312504
77 65.26000976562507
78 60.19042968750005
79 55.054931640625014
80 49.88037109375001
81 44.53857421875001
82 39.37255859375003
83 34.28466796875
84 29.035644531250007
85 23.702392578125014
86 18.620605468750036
87 13.291015625000014
88 8.05297851562499
89 2.860107421874994
90 -2.418212890625014
91 -7.656250000000045
92 -12.962646484375007
93 -18.156738281250057
94 -23.356933593750004
95 -28.691406250000018
96 -33.86108398437504
97 -38.935546875000036
98 -44.248046875000085
99 -49.29321289062504
100 -54.55444335937506
101 -59.851074218750064
102 -64.92431640625004
103 -70.05981445312506
104 -75.08178710937506
105 -80.04760742187509
106 -85.19653320312507
107 -90.22705078125013
108 -95.28320312500007
109 -100.12451171875011
110 -105.00000000000011
111 -110.0891113281251
112 -114.9157714843751
113 -119.5800781250001
114 -124.32373046875011
115 -129.37133789062509
116 -133.9208984375001
117 -138.51318359375014
118 -143.2604980468751
119 -147.77587890625017
120 -152.3010253906251
121 -156.80664062500014
122 -161.16455078125014
123 -165.74340820312517
124 -170.02319335937517
125 -174.22241210937517
126 -178.4777832031252
127 -182.74414062500017
128 -186.8884277343752
129 -190.87524414062523
130 -194.89624023437517
131 -198.85253906250017
132 -202.8161621093752
133 -206.59057617187523
134 -210.38330078125017
135 -214.0795898437502
136 -217.79663085937517
137 -221.26342773437526
138 -224.85351562500023
139 -228.27758789062526
140 -231.64428710937517
141 -234.98901367187523
142 -238.14331054687503
143 -241.4123535156249
144 -244.40795898437483
145 -247.4426269531248
146 -250.39916992187483
147 -253.19091796874983
148 -255.9619140624998
149 -258.8244628906248
150 -261.41479492187483
151 -263.9501953124998
152 -266.46362304687483
153 -268.85742187499983
154 -271.1596679687498
155 -273.34716796874983
156 -275.4577636718748
157 -277.50854492187483
158 -279.5410156249998
159 -281.3830566406248
160 -283.1848144531249
161 -284.90356445312483
162 -286.64794921874983
163 -288.0859374999998
164 -289.3579101562498
165 -290.88745117187483
166 -292.13623046874983
167 -293.3483886718748
168 -294.42504882812483
169 -295.45654296874983
170 -296.35742187499983
171 -297.17651367187483
172 -297.82836914062483
173 -298.4216308593749
174 -299.0026855468749
175 -299.5361328124999
176 -299.84741210937483
177 -300.14038085937483
178 -300.2966308593749
179 -300.34179687499983
