1.701875645437306881e+09
1.701875826788008928e+09
1.701876008734762907e+09
1.701876189914166927e+09
1.701876371467298031e+09
1.701876551830890894e+09
1.701876732686026096e+09
1.701876914243985891e+09
1.701877096150249004e+09
1.701877277660435915e+09
1.701877459865088940e+09
1.701877641334561110e+09
1.701877822883812904e+09
1.701878004800489902e+09
1.701878186810053110e+09
1.701878368876113892e+09
1.701878551300321102e+09
1.701878733762535095e+09
1.701878915837694883e+09
1.701879068547765017e+09
