1.699981581089983940e+09
1.699981756006613970e+09
1.699981931825458050e+09
1.699982107249309063e+09
1.699982282402704954e+09
1.699982457800698042e+09
1.699982633297823906e+09
1.699982808749485970e+09
1.699982984549046993e+09
1.699983160487643957e+09
1.699983336297830105e+09
1.699983512530483007e+09
1.699983688534084082e+09
1.699983864365068913e+09
1.699984039772483110e+09
1.699984215323815107e+09
1.699984390383788109e+09
1.699984565676327944e+09
1.699984740673044920e+09
1.699984916335408926e+09
1.699985017412199020e+09
