0 300.73242187499983
1 301.0595703124998
2 300.9423828124997
3 300.48339843749983
4 300.4003906249998
5 299.73632812499983
6 299.0624999999998
7 298.4667968749998
8 298.28613281249983
9 296.94824218749983
10 296.7773437499999
11 294.87304687499983
12 294.26757812499983
13 293.8476562499999
14 291.2744140624998
15 291.1425781249999
16 288.63281249999983
17 287.2949218749998
18 285.7226562499998
19 283.51074218749983
20 282.4462890624998
21 279.7900390624998
22 278.44238281249983
23 276.1523437499998
24 273.9111328124998
25 272.3193359374998
26 270.2539062499998
27 267.7148437499998
28 264.1455078124999
29 262.08007812500006
30 258.87207031250006
31 256.7187500000001
32 254.30664062500009
33 250.96191406250017
34 248.55957031250014
35 245.52246093750026
36 242.50000000000023
37 239.6777343750002
38 235.5371093750002
39 232.92480468750023
40 229.3066406250002
41 226.62597656250017
42 222.33398437500017
43 219.39941406250023
44 215.22949218750017
45 210.85937500000014
46 207.8515625000001
47 203.25683593750017
48 199.54589843750014
49 196.0791015625002
50 192.21191406250014
51 188.65234375000017
52 183.96484375000014
53 179.72167968750023
54 175.19531250000017
55 172.0019531250002
56 166.1230468750001
57 162.08007812500017
58 156.27441406250017
59 153.14453125000009
60 147.96386718750009
61 144.6679687500001
62 139.2138671875001
63 135.05371093750006
64 130.7324218750001
65 124.72656250000009
66 121.49414062500011
67 115.93261718750011
68 111.66503906250009
69 106.20117187500009
70 102.66601562500011
71 95.8056640625001
72 90.96191406250013
73 86.77246093750004
74 81.30859375000007
75 76.48437500000004
76 72.64648437500001
77 66.40625000000003
78 61.19628906250002
79 55.2978515625
80 51.03027343750005
81 45.80566406250003
82 40.668945312499986
83 33.69140625000003
84 30.161132812500018
85 24.48242187500005
86 19.374999999999975
87 14.580078125000007
88 9.145507812500009
89 3.012695312500008
90 -1.7968750000000866
91 -6.992187500000052
92 -11.499023437499979
93 -16.635742187500025
94 -23.11523437499999
95 -27.836914062500078
96 -33.01757812500006
97 -38.59375000000001
98 -43.92578125000007
99 -48.79882812500003
100 -53.40820312500008
101 -59.321289062500114
102 -65.1025390625001
103 -69.39941406250009
104 -73.03710937500007
105 -79.2626953125001
106 -85.70800781250007
107 -88.58886718750014
108 -93.48144531250013
109 -98.72558593750009
110 -104.0771484375001
111 -108.55468750000003
112 -115.62500000000009
113 -119.22363281250014
114 -123.4570312500001
115 -128.6035156250001
116 -133.17382812500009
117 -137.86132812500009
118 -141.80664062500017
119 -147.0361328125001
120 -151.51855468750014
121 -156.1425781250001
122 -159.6142578125002
123 -165.46875000000017
124 -169.33593750000014
125 -172.4755859375002
126 -176.47460937500017
127 -182.36328125000017
128 -186.3671875000002
129 -190.87402343750014
130 -194.40917968750017
131 -197.4023437500002
132 -201.2207031250002
133 -204.8925781250002
134 -209.09179687500014
135 -212.19238281250017
136 -217.22167968750017
137 -219.45312500000026
138 -223.8525390625002
139 -226.87011718750023
140 -230.73242187500023
141 -233.61816406250009
142 -237.44140625
143 -240.41503906249997
144 -242.14843750000003
145 -246.71386718749994
146 -249.02343749999986
147 -252.48535156249986
148 -255.4687499999998
149 -257.90527343749983
150 -260.6005859374998
151 -262.62695312499983
152 -265.3906249999998
153 -268.2910156249998
154 -270.1660156249999
155 -272.49999999999983
156 -274.45800781249983
157 -276.94335937499994
158 -278.58398437499983
159 -280.39550781249983
160 -281.9677734374998
161 -283.6669921874998
162 -285.97656249999983
163 -287.1386718749999
164 -288.27148437499983
165 -289.61914062499983
166 -291.3427734374999
167 -292.2607421874999
168 -293.27636718749983
169 -294.84374999999983
170 -295.1855468749999
171 -296.56249999999983
172 -296.79199218749983
173 -298.04199218749983
174 -297.57812499999983
175 -298.74511718749983
176 -298.8232421874998
177 -299.4824218749997
178 -299.2333984374998
179 -299.4824218749999
