0 150.79101562500017
1 151.1865234375001
2 151.0253906250001
3 150.8154296875001
4 150.4980468750001
5 150.6494140625001
6 150.0781250000001
7 149.98046875000009
8 149.5849609375002
9 149.10156250000017
10 148.4667968750002
11 148.1738281250001
12 147.4609375000001
13 146.82617187500017
14 146.5771484375001
15 145.75195312500009
16 145.00000000000014
17 144.2724609375001
18 143.37402343750014
19 143.0175781250001
20 141.6210937500001
21 140.89843750000014
22 139.57031250000014
23 139.04785156250009
24 137.72460937500009
25 136.4111328125001
26 135.46875000000009
27 134.1650390625001
28 133.15917968750009
29 131.46972656250014
30 130.3906250000001
31 129.00390625000014
32 127.7880859375001
33 126.71386718750011
34 124.69238281250009
35 123.56933593750016
36 122.0556640625001
37 120.75195312500006
38 118.5742187500001
39 116.72363281250006
40 115.6689453125001
41 113.61816406250014
42 111.96777343750006
43 110.30761718750016
44 108.33984375000009
45 106.16699218750011
46 104.81445312500007
47 102.32910156250011
48 101.14257812500007
49 98.71582031250009
50 96.54785156250014
51 94.58984375000007
52 92.09960937500009
53 89.94628906250004
54 88.42773437500013
55 86.21582031250006
56 83.8134765625001
57 81.41601562500006
58 80.00976562500006
59 77.39746093750009
60 74.86816406250004
61 72.65136718750007
62 70.33203125000004
63 68.17382812500006
64 66.08398437500001
65 63.87207031250006
66 61.68457031250005
67 58.96484375000002
68 55.96679687500003
69 53.34960937500005
70 51.37695312500004
71 48.70117187500001
72 46.582031250000014
73 44.111328125000014
74 40.99121093750005
75 39.477539062500014
76 36.66503906249996
77 33.48632812500002
78 31.513671875000092
79 28.46679687499998
80 26.035156250000053
81 23.671875000000007
82 21.103515625000014
83 18.11035156250007
84 15.610351562500014
85 13.208007812500005
86 10.576171874999984
87 8.232421875000007
88 4.892578124999964
89 2.8320312500000053
90 -0.55175781249997
91 -2.7392578125000346
92 -5.429687500000058
93 -7.783203124999972
94 -10.84472656249999
95 -12.905273437500059
96 -15.625
97 -18.369140625000085
98 -21.030273437500025
99 -24.326171875000025
100 -26.04980468750004
101 -28.354492187500025
102 -31.39648437500009
103 -33.65234374999998
104 -36.44531250000002
105 -39.243164062500085
106 -41.035156250000036
107 -44.121093750000036
108 -46.289062500000036
109 -48.52539062500008
110 -51.18652343750008
111 -53.71582031250008
112 -55.717773437500036
113 -58.68164062500006
114 -60.86914062500012
115 -62.924804687500085
116 -65.51269531250003
117 -68.15917968750004
118 -70.37109375000006
119 -72.61230468750004
120 -75.2978515625001
121 -77.27050781250009
122 -79.57031250000007
123 -81.85058593750006
124 -83.87207031250016
125 -86.22070312500001
126 -88.1542968750001
127 -89.94140625000007
128 -92.22656250000003
129 -93.73046875000007
130 -96.16210937500009
131 -98.3154296875001
132 -99.71191406250004
133 -102.4658203125001
134 -104.17480468750013
135 -105.75195312500013
136 -107.7441406250001
137 -109.61914062500011
138 -110.87890625000013
139 -113.15429687500011
140 -114.57031250000004
141 -116.02050781250014
142 -117.91015625000011
143 -119.3945312500001
144 -121.1572265625002
145 -122.54394531250016
146 -123.9208984375002
147 -125.62011718750018
148 -126.85546875000014
149 -128.4375000000001
150 -129.4238281250001
151 -130.56152343750014
152 -132.07519531250017
153 -133.2617187500001
154 -134.5654296875001
155 -135.31738281250014
156 -136.66503906250017
157 -137.6171875000001
158 -138.53515625000014
159 -139.8193359375002
160 -140.31738281250009
161 -141.0449218750001
162 -141.94335937500014
163 -142.64648437500017
164 -143.38378906250017
165 -144.18457031250009
166 -144.82421875000014
167 -145.58105468750014
168 -145.98144531250014
169 -146.78222656250017
170 -147.22656250000023
171 -147.70019531250009
172 -147.97851562500014
173 -148.22753906250014
174 -148.48632812500014
175 -148.86718750000014
176 -148.96972656250014
177 -148.8232421875001
178 -149.05761718750014
179 -148.9355468750002
