0 452.1435546875
1 451.4599609374999
2 451.5185546874999
3 449.79492187499994
4 450.6884765625
5 449.4140625
6 448.5107421875
7 447.59277343749994
8 446.3867187499999
9 445.23925781249994
10 444.29687499999994
11 442.58789062500006
12 441.7285156249999
13 439.41894531249994
14 436.416015625
15 433.2470703124999
16 432.68066406249994
17 430.09277343749994
18 428.6132812499999
19 425.1806640624999
20 422.80761718749994
21 419.51660156249994
22 416.6162109374999
23 412.2656249999999
24 409.9951171874999
25 407.14355468749983
26 403.5449218749999
27 399.1064453124999
28 396.48925781249994
29 392.4999999999999
30 390.09277343749994
31 385.5664062499999
32 380.68359374999994
33 376.64062499999983
34 372.5634765624999
35 366.7138671874999
36 362.29492187499983
37 358.7060546874999
38 353.15429687499983
39 348.2763671874999
40 343.0224609374999
41 337.56835937499983
42 333.58886718749983
43 326.41113281249983
44 323.1347656249999
45 315.49804687499983
46 311.34765624999983
47 304.86328124999983
48 298.05175781249983
49 294.1113281249997
50 286.9287109374998
51 281.8212890624997
52 274.10644531249983
53 269.98046875
54 260.81542968750006
55 257.26074218750006
56 250.38574218750009
57 244.56054687500009
58 236.4941406250002
59 228.67187500000017
60 222.68554687500023
61 217.15820312500017
62 209.21386718750014
63 200.32714843750017
64 195.7226562500001
65 188.2324218750002
66 179.44824218750023
67 173.6328125000001
68 166.93847656250023
69 159.1406250000001
70 150.0097656250001
71 142.4365234375001
72 134.57519531250006
73 129.16503906250006
74 123.91113281250016
75 111.51367187500011
76 104.74609375000007
77 99.60937500000006
78 90.97656250000011
79 81.66503906250003
80 74.4091796875
81 66.83105468750009
82 60.659179687500036
83 53.26171875000008
84 44.10644531250002
85 36.28906250000005
86 27.52441406250003
87 20.595703124999947
88 12.700195312499996
89 5.986328125000023
90 -5.429687500000058
91 -11.743164062500034
92 -18.740234375000053
93 -22.82714843750003
94 -34.33593750000002
95 -41.88476562500004
96 -52.7978515625
97 -58.18359375000009
98 -66.87500000000007
99 -72.22167968750004
100 -80.5078125000002
101 -91.5966796875001
102 -97.43652343750014
103 -104.52636718750014
104 -113.12500000000009
105 -119.93652343750009
106 -124.79003906250011
107 -136.20605468750017
108 -142.75878906250014
109 -151.70898437500017
110 -158.60351562500017
111 -164.2382812500002
112 -172.87109375000014
113 -178.12988281250017
114 -186.4697265625002
115 -193.5058593750002
116 -200.7617187500001
117 -208.0029296875002
118 -214.9365234375002
119 -222.57324218750028
120 -228.67187500000017
121 -235.47851562500003
122 -241.71386718749994
123 -247.71484375000003
124 -256.04980468749983
125 -261.15722656249983
126 -268.20312499999983
127 -273.74511718749983
128 -279.9462890624998
129 -286.1376953124998
130 -291.18164062499983
131 -298.7792968749999
132 -304.6679687499998
133 -310.0488281249998
134 -315.72753906249983
135 -321.59667968749983
136 -325.98144531249983
137 -331.34765624999983
138 -337.8613281249999
139 -342.02148437499994
140 -345.50781249999983
141 -354.14550781249983
142 -355.88378906249994
143 -361.3281249999999
144 -366.1376953124999
145 -370.42480468749994
146 -375.2001953124999
147 -379.8632812499999
148 -383.50097656249994
149 -386.9580078124999
150 -391.67968749999994
151 -395.8496093749999
152 -398.69628906249994
153 -402.4414062499999
154 -405.7031249999999
155 -408.67187499999994
156 -411.5039062499999
157 -416.81152343749994
158 -419.50195312499994
159 -421.6113281249999
160 -424.39941406249994
161 -426.0400390624999
162 -427.7099609374999
163 -432.2558593749999
164 -433.3349609374999
165 -434.37499999999994
166 -437.69531249999994
167 -438.20312499999994
168 -441.30371093749994
169 -442.05566406249994
170 -443.8671875
171 -444.66308593749994
172 -445.234375
173 -446.54296875
174 -447.2216796875
175 -448.03222656249994
176 -449.41894531249994
177 -449.94140624999994
178 -449.00390625
179 -449.45312499999994
