0 301.3818359374998
1 301.8554687499998
2 300.4345703124998
3 300.50781249999983
4 299.9023437499998
5 300.01464843749983
6 299.7460937499998
7 298.95507812499983
8 297.70507812499983
9 297.35351562499983
10 296.2011718749998
11 295.89843749999983
12 294.64355468749983
13 292.92968749999983
14 292.0166015624999
15 290.36132812499983
16 289.2919921874998
17 286.55273437499983
18 286.20117187499983
19 284.26269531249983
20 281.8261718749999
21 280.24414062499983
22 278.2031249999999
23 276.40624999999983
24 274.60449218749983
25 271.69921874999983
26 270.11230468749983
27 267.7099609374998
28 264.7558593749999
29 262.51953125
30 259.61425781249994
31 257.15332031250006
32 254.36523437500009
33 251.85058593750014
34 248.87207031250026
35 244.7509765625002
36 241.60156250000023
37 238.5400390625002
38 235.3710937500002
39 232.7636718750002
40 229.29687500000017
41 224.57031250000017
42 223.23730468750026
43 219.22363281250023
44 215.4492187500002
45 211.78222656250014
46 208.30566406250017
47 203.42773437500017
48 199.9121093750002
49 195.97167968750014
50 191.04492187500014
51 188.46191406250014
52 183.92089843750014
53 178.87695312500014
54 174.79492187500017
55 171.5771484375002
56 167.17773437500014
57 162.25585937500023
58 157.7050781250001
59 152.95410156250014
60 149.35058593750017
61 144.69238281250017
62 139.10156250000009
63 134.43359375000009
64 128.69140625000014
65 124.65820312500006
66 121.38183593750007
67 115.26367187500009
68 110.63964843750007
69 106.37695312500006
70 101.80664062500011
71 95.6298828125001
72 91.54785156250011
73 85.32714843750011
74 81.04492187500007
75 76.1279296875001
76 71.06933593750006
77 65.18554687499997
78 59.736328125000014
79 55.30273437500008
80 50.805664062500064
81 45.91308593750004
82 39.638671875
83 34.50683593750009
84 29.409179687500007
85 23.325195312500018
86 19.218750000000064
87 14.692382812500016
88 8.92089843750002
89 2.9833984375000346
90 -1.4453125000000455
91 -8.325195312499979
92 -12.338867187500075
93 -17.958984375000014
94 -22.382812500000043
95 -29.589843750000068
96 -33.71093750000001
97 -38.574218750000085
98 -44.76562500000006
99 -49.370117187500036
100 -54.40917968750006
101 -59.3359375000001
102 -65.03417968750003
103 -70.45410156250004
104 -74.18945312500011
105 -79.44335937500007
106 -84.79492187500007
107 -90.51757812500006
108 -94.99023437500004
109 -99.49218750000013
110 -104.70703125000017
111 -109.86816406250006
112 -114.38476562500013
113 -119.30664062500018
114 -125.11718750000009
115 -128.84765625000014
116 -133.3691406250001
117 -138.4716796875001
118 -142.24121093750014
119 -147.6416015625001
120 -152.65625000000017
121 -156.65039062500017
122 -160.92773437500014
123 -165.00488281250017
124 -170.23925781250014
125 -172.87597656250014
126 -178.40332031250017
127 -182.5341796875002
128 -186.83105468750014
129 -190.36132812500023
130 -194.68750000000023
131 -198.69628906250017
132 -202.86621093750017
133 -206.0742187500002
134 -209.81445312500017
135 -214.02832031250014
136 -217.21191406250017
137 -221.06933593750017
138 -224.34570312500017
139 -228.69628906250023
140 -231.11328125000026
141 -234.89746093750003
142 -237.5732421875
143 -241.03515624999997
144 -243.13964843749991
145 -247.38769531249986
146 -250.2197265624998
147 -252.7832031249998
148 -255.56640624999977
149 -258.38378906249983
150 -260.57617187499983
151 -263.1054687499998
152 -265.91308593749983
153 -267.9785156249999
154 -270.59082031249983
155 -272.2460937499999
156 -275.0341796874998
157 -277.0214843749997
158 -279.1992187499999
159 -280.84472656249983
160 -282.9248046874998
161 -284.49218749999983
162 -285.6689453124999
163 -287.1191406249999
164 -288.8183593749998
165 -290.0732421874999
166 -291.79199218749983
167 -292.5927734374999
168 -293.4667968749999
169 -295.0683593749998
170 -295.50292968749994
171 -296.7333984374998
172 -297.28515624999983
173 -297.7587890624999
174 -297.93945312499983
175 -298.75488281249983
176 -299.0673828124998
177 -299.51660156249983
178 -299.9707031249997
179 -299.57031249999983
