0 150.99609375000017
1 151.1230468750002
2 150.97167968750017
3 150.82519531250017
4 150.72753906250014
5 150.48339843750014
6 150.0878906250001
7 149.90722656250014
8 149.71191406250017
9 149.1406250000001
10 148.63281250000014
11 148.35937500000009
12 147.44628906250009
13 146.7919921875001
14 146.41601562500009
15 145.77636718750006
16 144.72167968750014
17 143.9697265625001
18 143.71093750000009
19 142.5732421875001
20 142.05078125000009
21 141.08886718750009
22 140.13183593750014
23 139.09667968750009
24 137.62695312500014
25 136.75781250000014
26 135.5468750000001
27 134.03320312500009
28 132.92968750000014
29 131.96777343750014
30 130.8056640625001
31 129.5214843750001
32 128.2910156250001
33 126.7236328125001
34 124.92675781250013
35 123.17382812500009
36 122.03125000000011
37 120.60058593750014
38 119.1503906250001
39 117.30957031250014
40 115.76660156250007
41 114.04785156250009
42 112.50000000000007
43 110.7275390625001
44 108.2958984375001
45 106.09863281250004
46 105.26367187500016
47 103.14941406250014
48 100.88378906250006
49 98.76464843750007
50 97.10937500000009
51 94.86816406250007
52 92.76367187500009
53 90.82031250000011
54 88.79882812500003
55 86.82128906250006
56 84.24804687500007
57 81.67480468750004
58 79.21875000000009
59 77.9003906250001
60 75.12207031250004
61 73.28125000000004
62 70.62011718750003
63 68.33496093750003
64 65.7421875
65 64.10644531250004
66 61.77734375000002
67 58.83300781250006
68 56.87988281249998
69 54.370117187500014
70 51.66992187500005
71 49.072265625000085
72 46.77246093750001
73 44.21875000000006
74 41.85058593750004
75 39.199218749999986
76 36.71875000000005
77 33.53515625000003
78 31.47460937499996
79 28.471679687500057
80 26.176757812500007
81 24.179687500000018
82 21.010742187500014
83 18.818359374999954
84 15.742187499999977
85 13.334960937499973
86 10.996093749999991
87 7.695312499999968
88 5.400390625000001
89 2.97363281249996
90 0.12695312499994005
91 -1.9628906250000189
92 -5.185546875000002
93 -8.071289062500043
94 -9.946289062500002
95 -12.841796875000034
96 -15.07324218750003
97 -18.01269531250005
98 -20.395507812500018
99 -22.861328125000025
100 -25.410156250000064
101 -28.134765625000057
102 -30.85449218750011
103 -33.09082031250007
104 -36.06933593750003
105 -38.45214843750006
106 -41.069335937500036
107 -44.11132812500007
108 -45.800781250000085
109 -48.88671875
110 -50.85449218750004
111 -53.81347656250004
112 -55.99609375000006
113 -58.50585937500008
114 -61.25976562499999
115 -63.281250000000036
116 -65.36621093750006
117 -67.38281250000006
118 -69.71191406250007
119 -72.18261718750007
120 -75.07324218750006
121 -77.0117187500001
122 -78.6914062500001
123 -80.93261718750006
124 -83.61816406250011
125 -85.5566406250001
126 -87.81738281250013
127 -89.501953125
128 -91.47460937500007
129 -94.02832031250011
130 -96.05957031250009
131 -98.0957031250001
132 -100.20507812500013
133 -101.90917968750016
134 -103.93554687500011
135 -105.38085937500016
136 -107.46093750000007
137 -109.13574218750006
138 -110.80078125000011
139 -112.65625000000007
140 -114.62402343750009
141 -116.13281250000013
142 -117.74414062500018
143 -119.16503906250009
144 -120.80566406250016
145 -122.10449218750016
146 -123.7255859375001
147 -125.32714843750003
148 -126.37207031250009
149 -128.06152343750017
150 -129.44824218750014
151 -130.36132812500009
152 -131.79687500000014
153 -133.05664062500017
154 -134.25292968750006
155 -135.1513671875001
156 -136.4404296875001
157 -137.91992187500014
158 -138.40332031250009
159 -139.1308593750001
160 -140.4638671875001
161 -141.04980468750014
162 -141.90429687500014
163 -142.66113281250014
164 -143.57910156250014
165 -144.0966796875001
166 -144.85839843750014
167 -145.3125000000001
168 -146.0156250000001
169 -146.48925781250017
170 -147.26562500000009
171 -147.5830078125001
172 -147.4169921875001
173 -148.3691406250002
174 -148.46191406250014
175 -148.53515625000017
176 -148.7451171875002
177 -148.9599609375001
178 -148.8134765625001
179 -149.1210937500001
