0 300.9179687499998
1 301.13281249999983
2 301.16210937499983
3 300.6738281249999
4 299.81445312499983
5 299.89257812499983
6 299.5996093749998
7 298.6083984374999
8 298.1298828124999
9 296.79687499999983
10 296.2939453124999
11 295.2636718749998
12 294.4140624999997
13 293.2128906249998
14 291.09374999999983
15 289.7314453124998
16 289.41406249999983
17 287.07519531249983
18 285.8837890624998
19 284.1113281249998
20 282.65136718749983
21 280.1367187499998
22 278.0126953124998
23 276.3720703124998
24 274.01367187499983
25 271.41113281249983
26 269.37011718749983
27 267.4658203124999
28 264.51171874999983
29 262.13378906249994
30 259.0429687500001
31 256.1718750000001
32 254.21875000000006
33 250.9521484375002
34 248.81347656250023
35 244.9560546875002
36 242.97363281250026
37 238.8427734375002
38 236.85546875000026
39 231.8847656250002
40 228.72558593750023
41 226.62597656250017
42 222.23144531250017
43 218.89648437500014
44 214.7509765625002
45 210.62500000000023
46 207.32910156250017
47 204.40917968750017
48 200.57128906250017
49 195.4443359375001
50 192.31445312500017
51 189.09179687500017
52 183.3935546875001
53 179.10156250000017
54 175.04394531250014
55 171.75292968750017
56 167.41699218750017
57 162.4902343750001
58 157.85156250000009
59 153.93554687500017
60 148.28613281250009
61 145.4833984375001
62 138.87207031250017
63 135.5371093750001
64 130.8984375000001
65 126.56738281250013
66 120.49316406250016
67 115.71777343750009
68 111.83593750000007
69 105.9130859375001
70 101.38183593750006
71 96.49902343750009
72 91.47949218750013
73 85.96679687500011
74 79.68261718750011
75 75.50292968750003
76 71.62597656250009
77 65.80078125000006
78 59.902343750000085
79 55.781250000000036
80 50.66406250000005
81 45.64453124999998
82 38.58886718750004
83 34.438476562500014
84 28.891601562500007
85 24.013671875000004
86 19.809570312499996
87 13.740234375000021
88 9.033203125
89 3.466796875000011
90 -1.5917968749999956
91 -7.182617187500018
92 -12.143554687500085
93 -16.93359375000006
94 -24.091796875000014
95 -28.535156250000053
96 -32.919921875000036
97 -38.76953125000004
98 -43.38378906250009
99 -49.61914062500006
100 -53.25683593750011
101 -57.968750000000014
102 -64.01855468750006
103 -68.7744140625001
104 -74.1406250000001
105 -78.39355468750009
106 -84.78027343750009
107 -89.25781250000003
108 -96.04492187500016
109 -99.16503906250007
110 -104.64355468750009
111 -108.66210937500007
112 -114.58984375000017
113 -119.38964843750013
114 -124.15527343750013
115 -128.92089843750014
116 -133.49609375000014
117 -138.72558593750017
118 -143.55957031250017
119 -147.76367187500014
120 -152.59765625000017
121 -157.26562500000014
122 -161.42089843750014
123 -166.1132812500001
124 -169.6142578125001
125 -174.5312500000002
126 -178.42285156250017
127 -182.68066406250023
128 -187.0751953125002
129 -188.91601562500017
130 -195.0146484375002
131 -197.29492187500014
132 -202.8955078125002
133 -206.5429687500002
134 -210.16601562500014
135 -212.5097656250002
136 -216.99707031250017
137 -220.82519531250023
138 -224.97558593750023
139 -228.40332031250023
140 -231.28417968750028
141 -235.01464843750006
142 -238.06640625000003
143 -241.70898437499994
144 -243.49609374999991
145 -247.3828124999998
146 -250.4833984374999
147 -252.70507812499983
148 -254.9853515624998
149 -257.34863281249983
150 -260.48828124999983
151 -263.6816406249998
152 -265.73242187499983
153 -267.93945312499983
154 -270.5761718749997
155 -272.5585937499998
156 -274.5410156249998
157 -277.21191406249983
158 -278.4374999999999
159 -280.6640624999999
160 -282.06542968749983
161 -283.95507812499983
162 -285.89843749999983
163 -286.88964843749983
164 -288.65234374999983
165 -289.5703124999998
166 -291.1718749999999
167 -292.4218749999999
168 -292.91503906249983
169 -294.28710937499983
170 -295.39550781249983
171 -296.5234374999998
172 -296.67480468749983
173 -297.42187499999983
174 -297.4658203124998
175 -298.4472656249998
176 -298.5009765624998
177 -298.90136718749994
178 -299.09179687499983
179 -299.24804687499983
