0 599.86328125
1 601.5576171875001
2 600.7763671875001
3 599.9414062500001
4 598.6279296875001
5 598.125
6 597.109375
7 597.0849609375
8 594.4873046875001
9 592.5634765625001
10 592.353515625
11 590.2636718750001
12 587.4462890625001
13 585.1367187500001
14 582.5244140625
15 579.35546875
16 577.1728515625001
17 572.9150390625001
18 571.1767578125001
19 566.5966796875001
20 560.771484375
21 558.681640625
22 552.9296875
23 553.2421875
24 547.6708984375
25 544.4580078125001
26 538.90625
27 533.095703125
28 528.798828125
29 524.8193359375
30 519.9365234375
31 512.6806640625
32 509.873046875
33 502.24609374999994
34 496.064453125
35 491.357421875
36 483.0615234375
37 474.77539062499994
38 470.68359375
39 464.990234375
40 457.5146484374999
41 447.7392578124999
42 442.8076171874999
43 436.95800781249994
44 431.80175781249983
45 420.8203124999999
46 414.0624999999999
47 405.8593749999999
48 396.13281249999994
49 390.93261718749994
50 384.84374999999983
51 374.18457031249983
52 367.1630859374999
53 358.7890624999999
54 353.09570312499983
55 341.86523437499983
56 334.75097656249983
57 324.01367187499983
58 314.39453124999983
59 305.14160156249983
60 296.2011718749997
61 290.56640624999983
62 280.32714843749983
63 269.9169921875
64 260.29785156250006
65 252.1337890625001
66 242.26562500000014
67 234.02343750000006
68 223.5058593750002
69 211.58203125000014
70 202.62695312500017
71 194.7216796875002
72 182.7001953125002
73 174.68750000000014
74 162.07519531250014
75 152.7441406250001
76 143.30566406250014
77 134.28222656250009
78 121.40136718750011
79 111.70898437500016
80 102.86621093750003
81 89.97070312500009
82 81.33789062500001
83 67.53417968750006
84 61.03515625000003
85 48.18847656249997
86 38.24707031250008
87 26.069335937500078
88 17.87597656249995
89 7.070312500000009
90 -1.40624999999997
91 -12.841796874999979
92 -24.204101562500053
93 -36.28417968750003
94 -43.945312500000114
95 -55.87890625000006
96 -65.6835937500001
97 -75.7031250000001
98 -85.29296875000009
99 -94.94140625000009
100 -104.8437500000001
101 -117.19238281250006
102 -130.03906250000017
103 -135.5273437500001
104 -147.41699218750017
105 -155.31250000000014
106 -167.06542968750014
107 -179.16503906250017
108 -187.05078125000023
109 -199.05761718750023
110 -206.72363281250017
111 -218.3789062500002
112 -228.41308593750006
113 -237.67089843749991
114 -247.63671874999994
115 -255.44433593749994
116 -266.72851562499983
117 -275.86914062499983
118 -283.77441406249983
119 -294.83398437499983
120 -302.59765624999983
121 -312.4755859374998
122 -321.57714843749983
123 -332.1826171874999
124 -337.97363281249994
125 -347.35839843749983
126 -356.39160156249983
127 -364.1894531249999
128 -373.8720703124999
129 -381.2109374999999
130 -387.04589843749994
131 -395.3271484374999
132 -404.3115234374999
133 -411.7529296874999
134 -420.03906249999994
135 -426.8896484374999
136 -435.0439453124999
137 -441.69433593749983
138 -447.86132812499994
139 -455.4199218749999
140 -462.2314453125
141 -468.57421875
142 -475.06835937499994
143 -481.5673828125
144 -488.09082031249994
145 -494.0380859375
146 -500.4931640625
147 -505.79101562499994
148 -510.712890625
149 -516.30859375
150 -522.4560546875001
151 -528.017578125
152 -531.7333984375001
153 -536.201171875
154 -540.1708984375
155 -545.6591796875001
156 -548.7304687500001
157 -553.8769531250001
158 -556.8798828125001
159 -561.1914062500001
160 -565.009765625
161 -567.5048828125002
162 -571.8847656250001
163 -574.3164062500001
164 -577.9052734375001
165 -580.4589843750001
166 -583.1250000000001
167 -584.2285156250001
168 -588.4277343750002
169 -589.6240234375001
170 -591.62109375
171 -592.0263671875001
172 -593.9697265625001
173 -595.947265625
174 -596.7187500000001
175 -597.5146484375001
176 -599.1455078125001
177 -599.8681640625001
178 -600.1757812500001
179 -600.3417968750001
