0 300.9326171874998
1 301.2499999999998
2 300.52734374999983
3 300.4345703124999
4 300.45898437499983
5 299.52636718749983
6 299.5458984374998
7 299.02343749999983
8 298.3691406249999
9 297.89550781249983
10 296.1230468749998
11 295.2246093749998
12 294.1796874999998
13 293.52539062499983
14 291.28417968749983
15 290.18554687499983
16 288.92578124999983
17 287.5439453124998
18 285.70800781249983
19 283.9746093749997
20 282.1484374999998
21 280.77148437499983
22 278.0810546874998
23 276.2695312499998
24 274.4335937499998
25 271.90917968749983
26 270.4980468749998
27 267.7539062499997
28 264.7607421874999
29 263.22753906249994
30 259.73144531250006
31 257.02636718750017
32 254.66796875000009
33 251.63085937500006
34 249.04296875000026
35 245.26367187500023
36 243.67187500000023
37 239.12597656250017
38 236.3281250000002
39 232.83203125000023
40 229.58007812500014
41 226.70410156250023
42 223.36425781250023
43 219.81445312500028
44 214.83886718750014
45 211.69921875000023
46 208.0761718750001
47 203.8867187500002
48 200.9667968750002
49 195.8251953125002
50 192.64648437500014
51 189.20898437500017
52 184.82421875000017
53 179.95605468750009
54 176.0937500000002
55 171.31835937500014
56 167.79296875000017
57 162.79296875000009
58 158.34472656250023
59 155.1708984375001
60 149.69238281250014
61 145.03417968750003
62 141.03027343750003
63 136.29882812500009
64 130.8935546875001
65 127.24609375000004
66 121.05957031250009
67 116.66992187500006
68 110.65917968750011
69 105.83007812500006
70 101.34765625000006
71 97.64160156250004
72 92.0898437500001
73 87.81738281250007
74 82.09960937500013
75 76.37207031250004
76 71.19140625000009
77 67.37792968750006
78 61.61132812500006
79 56.33789062500006
80 51.57714843750008
81 46.60644531250005
82 40.76171875000001
83 35.92285156250002
84 29.08203125
85 25.698242187500025
86 19.53613281250005
87 13.735351562500025
88 9.506835937500014
89 3.5937499999999787
90 -1.81152343749999
91 -6.430664062500008
92 -11.069335937500007
93 -18.222656250000025
94 -23.256835937500025
95 -27.753906250000014
96 -32.75390625000008
97 -37.88085937500005
98 -44.01367187500005
99 -48.15917968750006
100 -53.095703125000085
101 -57.89550781250011
102 -63.05175781250011
103 -68.62792968750011
104 -73.42773437500003
105 -78.33496093750003
106 -84.77050781250006
107 -88.75000000000009
108 -93.65234375000014
109 -98.03222656250004
110 -103.84277343750006
111 -108.74023437500007
112 -113.29101562500016
113 -117.77832031250004
114 -122.75878906250016
115 -127.03613281250009
116 -131.94824218750017
117 -136.7138671875001
118 -142.14355468750014
119 -145.8007812500001
120 -150.48339843750014
121 -156.07910156250017
122 -159.40429687500014
123 -164.80468750000017
124 -168.97460937500017
125 -173.81347656250014
126 -176.98730468750017
127 -181.30859375000014
128 -184.58984375000023
129 -190.04882812500017
130 -192.95898437500017
131 -197.37792968750023
132 -201.01074218750014
133 -205.01953125000023
134 -208.92089843750023
135 -212.7880859375002
136 -215.87890625000023
137 -220.42968750000023
138 -223.54980468750023
139 -226.56738281250026
140 -230.20507812500017
141 -233.82812500000009
142 -236.63574218750003
143 -239.6240234375
144 -242.48535156249994
145 -245.92285156249986
146 -248.69140624999986
147 -252.2949218749998
148 -255.28808593749986
149 -257.5195312499998
150 -259.94140624999983
151 -262.6123046874997
152 -264.96582031249983
153 -267.70996093749983
154 -269.0869140624997
155 -272.63183593749983
156 -274.08691406249983
157 -276.16210937499983
158 -278.2177734374998
159 -279.95117187499983
160 -281.9628906249998
161 -283.5498046874998
162 -285.22460937499983
163 -286.37207031249983
164 -288.54003906249983
165 -289.37988281249983
166 -290.8789062499998
167 -292.00683593749983
168 -292.99804687499983
169 -294.4189453124999
170 -295.35156249999983
171 -295.6884765624999
172 -296.5234374999999
173 -297.25585937499983
174 -297.83203124999983
175 -298.3154296874999
176 -298.66699218749983
177 -298.9794921874999
178 -299.3261718749999
179 -299.24804687499994
