0 600.6250000000001
1 600.8935546875
2 600.6005859375001
3 601.2158203125001
4 599.6337890625001
5 597.7099609375001
6 597.8173828125
7 596.0693359375001
8 594.794921875
9 592.7099609375001
10 591.6943359375001
11 589.0869140625001
12 587.2460937500001
13 585.3222656250001
14 582.4560546875001
15 578.4228515625001
16 576.7529296875
17 573.9306640625
18 569.7265625000001
19 567.8369140625
20 562.1435546875
21 559.4824218750001
22 556.3720703125
23 550.9326171875
24 546.4453125000001
25 540.6982421875
26 537.7783203125
27 532.2802734375
28 528.6083984375
29 522.9736328125
30 518.59375
31 512.1044921875
32 506.03027343750006
33 500.751953125
34 496.240234375
35 488.7353515625
36 482.02636718749994
37 476.8701171875
38 471.3427734375
39 463.27636718749994
40 458.31542968749994
41 450.1708984374999
42 443.4667968749999
43 435.75683593749994
44 430.9033203124999
45 422.7050781249999
46 413.5498046874999
47 407.1386718749999
48 398.03222656249994
49 389.6728515624999
50 383.47656249999983
51 373.57910156249983
52 367.4511718749999
53 356.9433593749999
54 348.6425781249999
55 340.88378906249983
56 333.0078124999998
57 323.0322265624999
58 314.2871093749998
59 304.2138671874998
60 297.08496093749983
61 286.29394531249983
62 278.7646484374999
63 270.7617187499999
64 258.93554687500006
65 250.22460937500014
66 238.22753906250014
67 231.6308593750002
68 221.91406250000026
69 211.08886718750023
70 201.97753906250014
71 190.23437500000023
72 182.09960937500014
73 168.15429687500014
74 162.1826171875001
75 151.0839843750001
76 138.9062500000001
77 132.62695312500014
78 120.49316406250013
79 108.67675781250011
80 98.97460937500007
81 90.69335937500003
82 77.40722656250007
83 69.365234375
84 58.20312499999999
85 48.964843750000014
86 35.91308593750001
87 26.811523437499986
88 15.605468750000018
89 4.8828125
90 -4.975585937500027
91 -12.661132812500004
92 -24.01855468750003
93 -36.57714843750007
94 -45.795898437500036
95 -56.67480468750005
96 -68.91601562500004
97 -79.0527343750001
98 -87.00195312500009
99 -100.21972656250011
100 -109.53125000000018
101 -119.80957031250017
102 -131.0644531250001
103 -140.54199218750014
104 -150.31738281250009
105 -160.03417968750017
106 -171.16210937500014
107 -180.6835937500002
108 -189.52636718750014
109 -198.2958984375002
110 -210.69824218750023
111 -221.85546875000017
112 -228.70117187500006
113 -238.33496093750003
114 -246.52832031249994
115 -260.32714843749983
116 -266.88964843749983
117 -276.94335937499983
118 -286.58203124999983
119 -296.83105468749983
120 -303.3251953124998
121 -311.72851562499983
122 -321.6455078124999
123 -330.90332031249983
124 -339.0283203124999
125 -347.98828124999994
126 -356.0156249999999
127 -363.62792968749983
128 -373.23730468749994
129 -383.6474609374999
130 -391.1572265624999
131 -397.28515624999994
132 -405.83496093749994
133 -412.92480468749994
134 -421.33300781249994
135 -427.31933593749994
136 -434.60937499999994
137 -441.904296875
138 -449.02832031249994
139 -456.3232421875
140 -463.03222656249994
141 -469.1113281249999
142 -475.771484375
143 -483.6669921875
144 -488.544921875
145 -494.69726562499994
146 -502.0556640625
147 -505.15625000000006
148 -510.1611328125
149 -517.0019531250001
150 -522.197265625
151 -528.06640625
152 -532.4072265625001
153 -537.7490234375001
154 -542.0751953125
155 -546.7626953125001
156 -550.5029296875
157 -554.5312500000001
158 -558.1884765625
159 -562.8417968750001
160 -565.5175781250001
161 -569.5166015625001
162 -571.7724609375001
163 -574.775390625
164 -578.3056640625001
165 -579.9609375000001
166 -583.1982421875001
167 -585.8300781250001
168 -587.6123046875001
169 -589.7656250000001
170 -592.0166015625
171 -592.96875
172 -594.6777343750001
173 -595.3515625000001
174 -596.7138671875001
175 -597.4755859375
176 -598.9501953125
177 -599.3798828125001
178 -600.0634765625001
179 -599.6240234375001
