0 151.1962890625001
1 151.15722656250014
2 151.11816406250017
3 150.97167968750014
4 150.8105468750001
5 150.4101562500001
6 150.0341796875001
7 149.75097656250014
8 149.30175781250014
9 149.2138671875001
10 148.69628906250006
11 148.10058593750009
12 147.7392578125001
13 146.88964843750017
14 146.37695312500009
15 145.71777343750014
16 145.1367187500001
17 144.36523437500017
18 143.47167968750014
19 143.0078125000001
20 141.59179687500006
21 140.54687500000009
22 139.9560546875001
23 138.96484375000006
24 137.7490234375001
25 136.35742187500009
26 135.73242187500006
27 134.05761718750014
28 133.02734375000014
29 131.9677734375001
30 130.4833984375001
31 129.32617187500009
32 127.48046875000007
33 126.55273437500014
34 124.98046875000016
35 123.26171875000009
36 121.76269531250003
37 120.27832031250013
38 118.40332031250011
39 116.07910156250004
40 115.07324218750011
41 113.77929687500016
42 111.97753906250007
43 109.83398437500006
44 108.40820312500013
45 106.19628906250009
46 104.34570312500003
47 102.15820312500013
48 100.10253906250011
49 98.5839843750001
50 96.48437500000004
51 94.42871093750007
52 92.37304687500006
53 90.69335937500003
54 88.23242187500007
55 85.83007812500004
56 83.91113281250004
57 81.57226562500003
58 79.35058593750009
59 76.8896484375001
60 74.65820312500004
61 72.78320312500006
62 70.21484375000006
63 68.06640625000007
64 66.00097656250003
65 63.276367187499986
66 61.06933593750002
67 58.62304687500006
68 56.440429687500014
69 53.583984375000036
70 50.86425781249998
71 48.19335937499999
72 46.127929687500014
73 44.082031249999986
74 40.854492187500036
75 38.45214843750006
76 36.14746093750007
77 33.476562500000085
78 31.26464843750007
79 28.823242187500043
80 25.58105468750002
81 23.168945312499993
82 20.78124999999997
83 17.924804687500018
84 15.468750000000032
85 12.861328124999961
86 10.346679687499998
87 7.802734375000009
88 4.887695312499968
89 2.1630859375000036
90 -0.1708984375000111
91 -3.21289062500002
92 -6.035156250000035
93 -7.67089843749999
94 -10.88378906250001
95 -13.46679687500002
96 -16.250000000000043
97 -18.686523437500018
98 -21.464843750000046
99 -23.930664062499996
100 -26.210937500000032
101 -29.233398437500057
102 -31.518554687500032
103 -34.199218750000036
104 -36.235351562500014
105 -38.872070312500036
106 -41.93359375000006
107 -44.1113281250001
108 -46.11816406250002
109 -48.818359375000036
110 -51.49902343750007
111 -53.59863281250005
112 -56.728515625000114
113 -59.09179687500002
114 -61.31347656250011
115 -63.72558593750005
116 -65.64453125000009
117 -68.5595703125001
118 -70.67871093750003
119 -72.8222656250001
120 -75.39550781250004
121 -78.10546875000007
122 -79.79003906250013
123 -82.14355468750007
124 -84.43359375000011
125 -86.11328125000011
126 -88.2666015625001
127 -90.50781250000011
128 -92.57324218750013
129 -94.08691406250011
130 -96.72363281250013
131 -98.60839843750007
132 -100.31250000000006
133 -101.953125
134 -104.35546875000013
135 -106.28417968750006
136 -107.8564453125001
137 -109.77050781250017
138 -111.75292968750009
139 -113.20312500000004
140 -114.91699218750013
141 -116.8310546875001
142 -118.03710937500017
143 -119.64843750000017
144 -121.32812500000009
145 -122.34863281250011
146 -124.17480468750009
147 -125.82519531250009
148 -126.83105468750017
149 -128.4179687500001
150 -129.87304687500014
151 -130.9863281250001
152 -132.1923828125002
153 -133.17382812500014
154 -134.3798828125001
155 -135.66406250000014
156 -136.87988281250014
157 -137.86621093750003
158 -138.76953125000017
159 -139.70703125000014
160 -140.43945312500017
161 -141.4501953125001
162 -142.1875000000001
163 -143.2763671875002
164 -143.71582031250017
165 -144.4287109375002
166 -144.59960937500017
167 -145.9375000000001
168 -145.89355468750017
169 -146.64550781250017
170 -147.08007812500014
171 -147.61718750000017
172 -148.11035156250017
173 -148.1591796875002
174 -148.51074218750014
175 -148.75488281250014
176 -149.10156250000014
177 -149.34082031250006
178 -149.3212890625002
179 -148.8183593750001
