0 450.9130859374999
1 450.8154296874999
2 451.35253906249994
3 450.712890625
4 449.56054687499994
5 448.9501953124999
6 448.02734374999994
7 447.54882812499994
8 445.7421875
9 446.13281249999994
10 443.31542968749994
11 442.1337890625
12 440.5419921874999
13 439.0576171875
14 436.5380859375
15 435.3124999999999
16 433.02734374999994
17 430.39550781249994
18 428.3496093749999
19 425.87402343749994
20 423.0761718749999
21 420.24902343749994
22 416.83593749999994
23 413.4472656249999
24 410.11230468749994
25 407.1240234374999
26 403.85253906249994
27 399.7900390624999
28 396.43554687499994
29 393.4472656249999
30 389.69726562499994
31 385.08300781249983
32 381.4941406249999
33 375.92773437499994
34 372.6318359374999
35 367.3583984374999
36 362.6562499999999
37 358.3837890624999
38 353.5498046874999
39 349.3701171874999
40 344.2089843749999
41 338.5205078124998
42 332.84667968749983
43 327.43164062499983
44 323.73535156249983
45 316.94335937499983
46 312.37792968749983
47 304.21386718749983
48 298.2226562499999
49 293.9453124999998
50 286.1718749999997
51 282.5146484374997
52 273.6572265624998
53 268.5498046874999
54 262.65625000000006
55 258.1494140625
56 249.8291015625001
57 242.8515625000002
58 236.16210937500026
59 229.14062500000017
60 222.8466796875002
61 217.7099609375002
62 210.19042968750017
63 204.3701171875002
64 193.54492187500017
65 188.78906250000014
66 182.10449218750014
67 174.26269531250017
68 167.2265625000001
69 158.66210937500017
70 152.70996093750009
71 145.0292968750001
72 133.9697265625001
73 131.1132812500001
74 119.6435546875001
75 115.71777343750009
76 107.44628906250006
77 98.06640625000013
78 89.1308593750001
79 82.00195312500006
80 74.22851562500004
81 67.55859375000006
82 60.39550781250006
83 51.142578125000036
84 42.866210937500036
85 37.456054687499964
86 27.88574218749998
87 22.475585937499986
88 13.237304687500007
89 6.655273437500026
90 -3.789062500000023
91 -11.479492187500078
92 -19.692382812500075
93 -27.324218750000046
94 -36.20605468750004
95 -44.01855468750007
96 -50.683593750000036
97 -58.71093750000006
98 -66.38183593750007
99 -74.86816406250007
100 -82.61718750000003
101 -89.23339843750009
102 -99.1357421875001
103 -104.81933593750009
104 -112.60253906250006
105 -121.21582031250014
106 -126.48925781250011
107 -135.35644531250017
108 -143.6962890625001
109 -147.7734375000001
110 -157.88085937500014
111 -163.05175781250017
112 -171.57714843750017
113 -179.28222656250014
114 -186.61132812500014
115 -193.3154296875002
116 -201.38183593750026
117 -205.97656250000023
118 -214.16015625000017
119 -221.7333984375002
120 -228.4423828125001
121 -234.22851562500006
122 -241.58203124999994
123 -247.85644531249991
124 -253.81347656249986
125 -261.76269531249983
126 -267.95898437499983
127 -274.61425781249983
128 -279.8242187499997
129 -286.16210937499983
130 -291.9921874999999
131 -297.5488281249999
132 -304.12109374999983
133 -309.78515624999983
134 -315.0146484374999
135 -319.75097656249983
136 -326.5380859374999
137 -332.1533203124999
138 -336.9482421874999
139 -342.0312499999999
140 -346.82617187499994
141 -351.98730468749994
142 -356.9433593749999
143 -361.62597656249994
144 -366.0107421874999
145 -370.56640624999994
146 -374.80957031249983
147 -379.052734375
148 -381.9189453124999
149 -386.9726562499999
150 -391.3330078124999
151 -395.1220703124999
152 -398.2324218749999
153 -401.30859374999994
154 -404.66796874999994
155 -409.05273437499994
156 -411.7333984374999
157 -415.25390624999994
158 -418.92089843749994
159 -421.8505859374999
160 -423.4619140624999
161 -426.71875
162 -428.6914062499999
163 -431.20117187499994
164 -432.78320312499994
165 -434.4091796875
166 -437.07031249999994
167 -439.51171874999994
168 -441.171875
169 -441.5185546875
170 -444.1992187499999
171 -444.4775390625
172 -445.91796875
173 -447.0703124999999
174 -447.7490234375
175 -448.0322265624999
176 -449.29199218749994
177 -450.0390625
178 -449.45800781249994
179 -450.13671875
