0 601.9482421875001
1 601.4794921875001
2 601.181640625
3 600.2246093750001
4 599.3701171875001
5 598.2763671875001
6 598.232421875
7 595.8349609375
8 594.208984375
9 591.4550781250001
10 591.8017578125001
11 588.7646484375
12 587.138671875
13 582.8662109375001
14 581.7773437500001
15 579.1699218750001
16 576.1718750000001
17 572.9052734375
18 570.5517578125001
19 565.7910156250001
20 564.5458984375
21 557.8173828125
22 555.17578125
23 550.6787109375
24 547.2265625000001
25 543.5107421875001
26 538.0029296875
27 532.75390625
28 528.75
29 523.8427734375
30 516.40625
31 512.197265625
32 508.14453124999994
33 500.55664062500006
34 497.30468749999994
35 488.1884765625
36 484.03808593750006
37 478.3056640625
38 470.38085937499994
39 465.4541015625
40 459.0185546874999
41 449.3261718749999
42 443.6132812499999
43 434.51660156249994
44 428.7353515624999
45 422.53906249999994
46 415.4052734374999
47 407.83203124999983
48 396.2207031249999
49 389.3164062499999
50 381.6943359374999
51 373.6425781249999
52 367.9052734374999
53 359.2578124999999
54 351.73339843749983
55 341.21093749999983
56 332.0605468749999
57 321.98730468749983
58 313.25683593749983
59 304.3505859374999
60 293.65234374999983
61 284.75585937499983
62 277.7001953124999
63 265.93749999999994
64 256.337890625
65 250.27343750000003
66 239.81933593750014
67 232.29003906250006
68 221.99707031250014
69 210.90332031250023
70 199.92675781250014
71 193.74511718750014
72 183.48144531250023
73 171.6699218750002
74 160.4638671875001
75 148.32519531250014
76 141.0644531250001
77 131.02050781250014
78 119.1259765625001
79 110.64941406250011
80 100.86425781250009
81 90.87402343750011
82 80.73730468750007
83 66.45019531250004
84 59.3115234375001
85 44.516601562500036
86 34.57031250000001
87 27.05078124999999
88 16.977539062500018
89 4.960937499999984
90 -5.966796874999986
91 -16.542968750000053
92 -23.85253906250004
93 -34.06250000000002
94 -46.86035156250007
95 -59.55566406250004
96 -67.71972656250009
97 -75.19531250000006
98 -89.8828125000001
99 -100.94726562500003
100 -108.43750000000004
101 -120.27343750000006
102 -129.89746093750009
103 -138.87695312500014
104 -150.5175781250001
105 -160.62500000000017
106 -168.7597656250002
107 -179.40429687500014
108 -188.9208984375002
109 -201.6162109375002
110 -210.9570312500002
111 -221.89941406250023
112 -229.6191406250001
113 -240.7177734375
114 -248.4472656249999
115 -258.99414062499994
116 -266.60156249999983
117 -279.2187499999997
118 -286.1718749999998
119 -296.43554687499983
120 -304.76074218749983
121 -313.91113281249983
122 -323.0761718749999
123 -332.2119140624999
124 -340.9472656249999
125 -349.4775390624999
126 -355.28808593749994
127 -364.5263671874999
128 -373.67187499999994
129 -380.82519531249994
130 -390.03906249999994
131 -399.5312499999999
132 -406.1572265625
133 -414.7998046875
134 -421.4892578124999
135 -429.16503906249994
136 -436.7333984375
137 -442.744140625
138 -448.8867187499999
139 -456.40136718749994
140 -463.43261718749994
141 -469.9658203125
142 -475.4150390624999
143 -482.87597656250006
144 -488.68652343749994
145 -495.40527343750006
146 -500.869140625
147 -504.72167968750006
148 -512.4560546875
149 -517.2802734375
150 -523.3642578125001
151 -528.9550781250001
152 -532.958984375
153 -537.4560546875
154 -542.5244140625001
155 -545.13671875
156 -550.4638671875
157 -553.5205078125001
158 -558.5937500000001
159 -562.9199218750001
160 -565.3759765625001
161 -570.1562500000001
162 -572.3876953125
163 -574.7607421875001
164 -578.57421875
165 -580.80078125
166 -583.1494140625
167 -585.6933593750001
168 -587.7441406250001
169 -590.654296875
170 -591.7626953125001
171 -593.2177734375001
172 -595.2148437500001
173 -596.0986328125002
174 -598.0078125000001
175 -599.0380859375002
176 -598.4667968750001
177 -599.9267578125
178 -600.0048828125
179 -600.0292968750002
