0 450.94238281249994
1 451.56249999999994
2 451.0205078125
3 450.2832031249999
4 450.43457031249994
5 449.49707031249994
6 448.49609375
7 447.96386718749994
8 446.09863281249994
9 445.1660156249999
10 444.02832031249994
11 443.16894531249994
12 440.5712890625
13 439.25781249999994
14 437.8564453125
15 434.4482421874999
16 432.27539062499994
17 431.03515624999994
18 428.7060546874999
19 425.55175781249994
20 422.4951171875
21 421.0058593749999
22 417.9541015624999
23 415.41015624999994
24 410.4882812499999
25 409.15039062499994
26 404.3896484375
27 400.13183593749994
28 397.1240234374999
29 393.03710937499994
30 389.01855468749983
31 384.91210937499983
32 380.54687499999983
33 377.2314453124999
34 373.9062499999999
35 368.4912109374999
36 363.5009765624999
37 358.6279296874999
38 354.16992187499983
39 349.7558593749999
40 343.5156249999999
41 340.13183593749983
42 333.70117187499983
43 327.8124999999998
44 323.04199218749983
45 317.82714843749983
46 311.5771484374998
47 305.38574218749983
48 300.25878906249983
49 293.8330078124998
50 290.21484374999983
51 282.5878906249998
52 275.9814453124998
53 270.1513671874999
54 263.37890625000006
55 258.1640625
56 251.70410156250006
57 244.2578125000001
58 235.02929687500026
59 231.28417968750023
60 223.5400390625002
61 218.34960937500017
62 209.31640625000017
63 202.55371093750017
64 195.3027343750002
65 188.2275390625002
66 181.52343750000017
67 174.84863281250017
68 166.40625000000014
69 161.9091796875001
70 151.42578125000009
71 145.9570312500001
72 139.2968750000001
73 130.1123046875001
74 121.82128906250011
75 115.9130859375001
76 107.43652343750004
77 97.89062500000004
78 92.03125000000007
79 85.8593750000001
80 75.80566406250011
81 68.1005859375001
82 59.97070312500005
83 51.96289062500009
84 44.331054687500036
85 38.291015625000064
86 30.35156250000001
87 23.198242187499968
88 12.900390624999925
89 5.2099609375000355
90 -1.66503906250004
91 -9.111328125000012
92 -19.252929687500004
93 -24.80957031250003
94 -31.68945312499999
95 -42.890624999999986
96 -48.120117187500064
97 -57.73925781250014
98 -66.23046875000004
99 -73.9208984375001
100 -79.55078125000011
101 -88.97949218750007
102 -95.8984375000001
103 -105.19531250000009
104 -111.68945312500011
105 -119.40917968750017
106 -126.3281250000001
107 -132.82714843750017
108 -141.52832031250014
109 -149.72167968750014
110 -156.24023437500009
111 -163.9990234375002
112 -170.50292968750014
113 -177.75878906250017
114 -185.81542968750017
115 -191.3427734375002
116 -199.45312500000014
117 -207.00683593750017
118 -214.44824218750023
119 -220.27343750000014
120 -227.25585937500014
121 -233.85742187499994
122 -240.10742187499991
123 -247.22167968749994
124 -253.4326171874999
125 -260.9082031249997
126 -266.9580078124997
127 -272.4804687499999
128 -278.6962890624999
129 -285.4003906249998
130 -291.92871093749983
131 -295.95214843749983
132 -303.2763671874999
133 -309.26269531249983
134 -314.8535156249999
135 -320.9765624999999
136 -326.4453124999999
137 -330.7031249999999
138 -336.5380859374998
139 -342.4121093749999
140 -346.7724609374999
141 -350.40039062499994
142 -354.95117187499983
143 -360.5859374999999
144 -364.9951171874999
145 -370.3564453124999
146 -373.82812499999994
147 -378.24707031249994
148 -382.69042968749983
149 -387.3242187499999
150 -390.00976562499994
151 -394.6728515625
152 -397.7148437499999
153 -401.9970703125
154 -405.71777343749994
155 -408.5693359374999
156 -411.45996093749994
157 -413.40820312499994
158 -418.03222656249994
159 -420.80078125
160 -424.072265625
161 -426.62109375
162 -428.2373046874999
163 -430.59082031249994
164 -433.7841796874999
165 -434.65332031249994
166 -437.58789062499994
167 -438.662109375
168 -440.62011718749994
169 -442.10937499999994
170 -443.3642578125
171 -444.61425781249994
172 -445.654296875
173 -447.2412109374999
174 -448.03222656249994
175 -448.115234375
176 -449.32617187499994
177 -449.45312499999994
178 -449.95117187499994
179 -449.9169921875
