0 600.3759765625001
1 601.6894531250001
2 601.0107421875001
3 600.8496093750002
4 599.2333984375
5 598.7500000000001
6 597.0556640625
7 597.1728515625
8 594.3066406250001
9 593.4130859375001
10 591.5087890625
11 590.029296875
12 586.6943359375001
13 584.951171875
14 583.3837890625001
15 578.9013671875
16 576.7773437500001
17 573.5693359375
18 570.5419921875
19 567.3291015624999
20 563.5839843750001
21 559.6679687500001
22 555.634765625
23 551.728515625
24 546.7431640625
25 542.392578125
26 538.2226562500001
27 532.5537109375
28 529.1455078125
29 523.84765625
30 517.2802734375
31 513.4960937499999
32 507.00683593750006
33 501.79687499999994
34 495.56152343749994
35 488.11523437500006
36 482.59765624999994
37 478.1445312499999
38 470.71777343750006
39 464.47753906249994
40 459.55078124999994
41 452.4658203125
42 443.5986328124999
43 437.83203124999994
44 430.0976562499999
45 421.29882812499994
46 412.1044921874999
47 408.15917968749994
48 396.83105468749983
49 391.4892578124999
50 384.29199218749994
51 376.0156249999998
52 366.3330078124999
53 355.1660156249999
54 350.0781249999999
55 339.8730468749999
56 333.7988281249998
57 322.4121093749999
58 316.6699218749999
59 307.2363281249999
60 296.0839843749999
61 286.8798828124999
62 278.8427734374998
63 270.56640624999994
64 259.140625
65 250.01464843750009
66 238.6376953125001
67 229.8876953125002
68 220.16601562500017
69 209.7265625000002
70 202.7490234375002
71 191.01074218750017
72 183.59375000000017
73 171.1718750000001
74 159.28710937500014
75 151.17675781250014
76 142.24121093750017
77 130.41992187500009
78 121.54785156250006
79 107.98339843750007
80 100.83496093750013
81 89.16015625000007
82 80.96679687500003
83 68.02734375000006
84 60.654296875000014
85 48.2177734375
86 38.28125000000004
87 27.158203124999975
88 15.839843749999998
89 7.124023437499988
90 -4.116210937500031
91 -12.451171875
92 -24.711914062500036
93 -32.93945312500007
94 -47.12402343750005
95 -59.31152343750007
96 -70.43945312500006
97 -76.76269531250007
98 -88.1835937500001
99 -98.44238281250011
100 -109.2382812500001
101 -120.32226562500006
102 -126.81152343750013
103 -139.34082031250017
104 -147.80761718750017
105 -161.0205078125002
106 -168.65722656250017
107 -180.8349609375002
108 -188.2910156250002
109 -201.97265625000017
110 -207.75390625000017
111 -220.41015625000023
112 -227.20703124999997
113 -238.84277343749997
114 -247.9199218749999
115 -256.8359374999999
116 -267.5732421874999
117 -277.7197265624998
118 -286.10351562499983
119 -294.15527343749983
120 -304.0234374999999
121 -313.14941406249983
122 -321.5624999999999
123 -331.0742187499999
124 -339.4628906249999
125 -345.8300781249999
126 -357.0751953124999
127 -366.2158203124999
128 -371.54785156249994
129 -382.1972656249999
130 -388.4130859374999
131 -397.08007812499994
132 -407.04101562499994
133 -413.17382812499994
134 -420.6689453125
135 -427.9589843749999
136 -435.60546874999994
137 -442.34863281249994
138 -449.169921875
139 -456.57226562500006
140 -462.82226562499994
141 -469.7802734375
142 -476.5673828125
143 -483.26171875
144 -488.7548828125
145 -492.94921875
146 -500.91308593749994
147 -505.66894531249994
148 -511.19628906250006
149 -515.732421875
150 -521.3671875
151 -527.041015625
152 -531.9970703125001
153 -537.2851562500001
154 -540.6445312500001
155 -546.708984375
156 -549.6435546875
157 -552.6074218750001
158 -557.9638671875
159 -561.5673828125001
160 -565.3515625000001
161 -568.1396484375001
162 -569.9414062500001
163 -574.8632812500001
164 -578.33984375
165 -580.888671875
166 -582.9394531250001
167 -585.4150390625001
168 -588.5205078125001
169 -589.9267578125001
170 -591.8945312500001
171 -594.0478515625001
172 -594.6240234375001
173 -595.2343750000001
174 -597.2656250000001
175 -598.0029296875
176 -598.5253906250001
177 -599.0429687500001
178 -599.7021484375
179 -599.6435546875001
