0 451.52343749999994
1 451.26953124999994
2 451.02539062499994
3 450.61035156249994
4 449.35546875
5 449.9609374999999
6 448.06152343749994
7 448.27636718749994
8 446.6357421874999
9 445.50781249999994
10 444.08203124999994
11 441.59667968749994
12 440.634765625
13 437.8906249999999
14 437.1435546874999
15 434.5703124999999
16 432.33398437499994
17 430.40039062499994
18 427.08007812499994
19 425.6347656249999
20 422.9296874999999
21 419.4970703124999
22 417.0654296874999
23 415.12695312499994
24 411.3671874999999
25 406.6308593749999
26 404.4335937499999
27 399.9218749999999
28 396.8359374999999
29 391.9433593749999
30 389.33593749999983
31 384.2626953124999
32 380.3759765624999
33 377.12402343749983
34 371.48925781249994
35 367.8076171874999
36 363.13964843749983
37 357.38281249999983
38 352.5927734374999
39 349.0039062499999
40 344.5996093749998
41 338.30078124999983
42 331.7724609374999
43 328.4863281249998
44 321.87011718749983
45 318.11035156249983
46 309.8437499999999
47 304.3554687499998
48 298.88183593749983
49 292.0117187499999
50 287.06542968749983
51 280.39062499999983
52 273.88671874999983
53 268.73046874999994
54 261.7724609375
55 255.98632812500006
56 249.21386718750009
57 240.08789062500023
58 235.17089843750017
59 229.1210937500002
60 221.2548828125002
61 213.33984375000017
62 209.4970703125002
63 200.97656250000017
64 193.57910156250014
65 187.4853515625002
66 182.1191406250001
67 174.4433593750002
68 164.6728515625001
69 156.51855468750009
70 152.24121093750014
71 141.75292968750003
72 134.1503906250001
73 129.4726562500001
74 121.18652343750009
75 114.57519531250007
76 108.0517578125001
77 99.19921875000013
78 90.94726562500006
79 82.8417968750001
80 75.70312500000007
81 65.73730468750006
82 57.763671875000064
83 50.88867187500004
84 43.61816406250002
85 39.018554687499986
86 30.805664062500043
87 20.947265625000043
88 13.647460937499966
89 8.79882812500002
90 -4.931640624999983
91 -10.107421875000021
92 -18.891601562500053
93 -26.56738281250004
94 -32.19238281250003
95 -43.071289062500014
96 -50.79589843749996
97 -58.979492187500064
98 -67.82226562500007
99 -70.27832031250003
100 -79.9365234375001
101 -87.5341796875001
102 -94.83886718750014
103 -107.05078125000009
104 -113.12500000000014
105 -119.04296875000006
106 -128.19335937500009
107 -135.2441406250001
108 -141.7919921875001
109 -150.5859375000001
110 -157.94921875000014
111 -166.4111328125002
112 -172.22167968750017
113 -180.53222656250014
114 -186.7431640625002
115 -193.1689453125002
116 -201.14257812500023
117 -207.23144531250017
118 -214.90722656250017
119 -221.26464843750014
120 -229.31152343750017
121 -235.8251953125
122 -242.87109375000003
123 -248.59863281249991
124 -256.0888671874998
125 -261.7871093749997
126 -267.8222656249998
127 -274.36035156249983
128 -280.04394531249983
129 -287.3779296874998
130 -292.27539062499983
131 -299.27734374999983
132 -304.4384765624999
133 -310.20996093749983
134 -314.0673828124999
135 -321.0107421874999
136 -325.45410156249983
137 -332.24609374999994
138 -336.9873046874999
139 -342.97851562499994
140 -347.0751953124999
141 -352.92480468749983
142 -356.6796874999999
143 -362.1826171874999
144 -366.19140624999983
145 -369.9658203124999
146 -374.5947265624999
147 -379.96582031249994
148 -384.3847656249999
149 -387.40722656249994
150 -390.8447265624999
151 -395.0976562499999
152 -399.0576171874999
153 -402.4804687499999
154 -405.84960937499994
155 -408.40820312499994
156 -412.51464843749994
157 -416.52832031249994
158 -419.01855468749994
159 -420.546875
160 -422.5341796874999
161 -426.0498046875
162 -427.4902343749999
163 -431.4941406249999
164 -433.67675781249994
165 -435.29296875
166 -436.00097656249994
167 -438.69140625
168 -440.0830078125
169 -441.08398437499994
170 -443.02734374999994
171 -445.06347656249994
172 -445.6787109374999
173 -447.58300781249994
174 -447.5146484375
175 -448.4814453125
176 -449.52148437499994
177 -448.94042968750006
178 -449.16015624999994
179 -449.67285156250006
