0 150.9423828125001
1 151.0546875000002
2 151.0839843750001
3 150.86914062500009
4 150.53710937500014
5 150.44921875000014
6 150.24902343750017
7 149.66308593750017
8 149.47265625000014
9 149.31152343750009
10 148.68164062500014
11 148.06640625000014
12 147.62207031250014
13 147.06054687500014
14 146.62109375000006
15 146.10351562500009
16 144.9316406250001
17 144.23828125000014
18 143.1787109375001
19 142.6660156250001
20 141.90917968750017
21 140.68847656250014
22 139.44824218750009
23 138.66699218750009
24 137.62207031250009
25 136.77734375000009
26 135.19531250000017
27 134.1162109375001
28 133.1640625000001
29 131.59179687500009
30 130.5273437500001
31 128.95019531250009
32 127.60742187500013
33 126.03515625000011
34 124.5800781250001
35 122.98339843750006
36 121.97753906250006
37 120.45410156250009
38 118.4472656250001
39 116.75781250000006
40 115.18554687500007
41 113.81835937500007
42 111.90429687500006
43 109.72167968750013
44 108.05664062500011
45 106.32324218750011
46 104.55566406250009
47 102.63671875000006
48 100.56152343750006
49 98.64257812500007
50 96.42089843750007
51 94.6777343750001
52 91.77246093750006
53 90.01953125000003
54 88.43750000000011
55 85.84472656250003
56 84.27734375000001
57 81.96289062500006
58 79.38476562500007
59 76.92871093750006
60 75.03417968750009
61 72.53417968750009
62 70.23925781250004
63 68.3105468750001
64 66.11328125000004
65 63.07617187500003
66 60.805664062500014
67 58.87207031250002
68 56.010742187500014
69 53.681640625
70 50.654296875000036
71 48.77441406250002
72 46.074218750000036
73 43.525390624999936
74 41.17187500000002
75 38.55468750000004
76 36.28906250000005
77 33.19824218750001
78 31.04980468749996
79 29.121093749999993
80 25.717773437500036
81 22.841796875000043
82 20.976562500000046
83 18.325195312500043
84 15.97167968749999
85 12.041015625000039
86 9.760742187499977
87 7.548828125000018
88 4.804687499999988
89 1.9335937500000178
90 -0.6347656250000333
91 -2.87109374999997
92 -4.531250000000043
93 -8.73535156250005
94 -10.468749999999943
95 -12.641601562500105
96 -15.712890625000004
97 -18.686523437500018
98 -20.571289062500053
99 -23.598632812500046
100 -25.688476562500036
101 -29.00390624999999
102 -31.42578125000009
103 -33.88183593750002
104 -37.368164062500014
105 -39.24316406250006
106 -41.98242187500001
107 -43.60839843750003
108 -46.616210937500014
109 -48.974609375000036
110 -51.845703125000085
111 -53.43261718750006
112 -55.23437500000006
113 -58.51074218750008
114 -62.006835937500085
115 -63.66210937500006
116 -65.63964843750006
117 -67.44140625000003
118 -70.58593750000009
119 -72.47070312500006
120 -75.88867187500003
121 -77.3486328125001
122 -79.2089843750001
123 -81.80175781250013
124 -84.0283203125001
125 -86.8359375000001
126 -88.33007812500007
127 -89.87792968750006
128 -92.2070312500001
129 -93.83300781250011
130 -96.42578125000011
131 -98.24707031250013
132 -100.35156250000007
133 -102.44628906250014
134 -104.3798828125001
135 -105.99121093750009
136 -107.88085937500009
137 -109.77050781250009
138 -111.10351562500013
139 -112.95898437500013
140 -114.74609375000009
141 -116.45996093750013
142 -117.7490234375001
143 -119.41406250000017
144 -121.28906250000016
145 -122.64160156250011
146 -123.87695312500018
147 -125.54687500000014
148 -127.13378906250014
149 -128.46679687500014
150 -129.54101562500009
151 -130.6835937500002
152 -132.06054687500017
153 -133.30566406250014
154 -134.27246093750017
155 -135.4736328125001
156 -136.8066406250002
157 -137.5488281250001
158 -138.67187500000009
159 -139.5947265625001
160 -140.2587890625001
161 -141.33789062500014
162 -142.00683593750014
163 -142.9687500000001
164 -143.86230468750017
165 -144.5019531250001
166 -144.9707031250002
167 -145.6689453125001
168 -146.29394531250017
169 -146.61621093750014
170 -147.09960937500014
171 -147.4267578125002
172 -147.7880859375001
173 -148.28613281250017
174 -148.16894531250014
175 -148.7402343750002
176 -148.77441406250014
177 -148.95996093750014
178 -149.02343750000014
179 -149.35058593750017
