5.333533035721587691e-03
5.087320180287591490e-03
5.283236727316175350e-03
5.104375464516489914e-03
5.343549048876909853e-03
5.148818147945002054e-03
5.570622850231252490e-03
5.048406634018798474e-03
5.197335043506675668e-03
5.179650215167154112e-03
5.345042822963406992e-03
5.575240733028368444e-03
5.253631568777122549e-03
5.342106758009877200e-03
5.482638005712501400e-03
5.027103712419992571e-03
5.276027240554376739e-03
5.394634518383206734e-03
5.539407972238260050e-03
5.736772065719213283e-03
5.582466721369930274e-03
5.221473074866401186e-03
5.387811067568232422e-03
5.359531940214086118e-03
5.227280672211586689e-03
5.413634623226860378e-03
5.088983714020478208e-03
5.478721095341895601e-03
5.353064403183889312e-03
4.809498380460252437e-03
5.480587454005735222e-03
5.570019905414196580e-03
5.427423722494289886e-03
5.312475926119428205e-03
5.412610276091784842e-03
5.698647203600524722e-03
5.477868127252405114e-03
5.758895133118169252e-03
5.579484465552153258e-03
5.163936852309166867e-03
5.396760656967914543e-03
5.417051706899129494e-03
5.308495925902063234e-03
5.251198664833318930e-03
5.265965935201120593e-03
5.317103801984158010e-03
5.117385272304318319e-03
5.146255739538811019e-03
5.254158794401241929e-03
5.402578995064137753e-03
5.432613835482000622e-03
5.156569808593420255e-03
5.324069575874090451e-03
5.338140290482628302e-03
5.282107532582268512e-03
5.353782362592327329e-03
5.484715063324743269e-03
5.349424232106745475e-03
5.520753173068382313e-03
5.471001374575147451e-03
5.241035680770301033e-03
5.827732447996770287e-03
5.199873948367526692e-03
5.632195860971985109e-03
5.045791052138619802e-03
5.423865213737142504e-03
5.250530040072230037e-03
5.077592781596705455e-03
5.144716086111114466e-03
5.342289466144268216e-03
5.309624825857547047e-03
5.271508130213961411e-03
5.401403795335209083e-03
5.244282601802856963e-03
4.937627481303152703e-03
5.276992175123876652e-03
5.439580964457699751e-03
5.912013145380418458e-03
5.469424059612708507e-03
5.105530758396395648e-03
5.279620368200132335e-03
5.604841679913340202e-03
5.354591074490658992e-03
5.706823502367048759e-03
5.403346845016977242e-03
4.955984214241190844e-03
5.496955738544384920e-03
5.705711986558129924e-03
5.354622541960280327e-03
5.605628896773482382e-03
5.438355631283144434e-03
4.845783973199903685e-03
5.119918057730999013e-03
5.561570716110963118e-03
5.180182519119667581e-03
5.571742368642248859e-03
5.134167105735447552e-03
5.161020504232917243e-03
5.818016179616030022e-03
5.172011788194135623e-03
5.487633272542136002e-03
5.117744845348942348e-03
5.394273668819008632e-03
5.058657321681581803e-03
5.687472732038080167e-03
5.646880336767119354e-03
5.982238293914156867e-03
5.357521404571077665e-03
4.388551906318689452e-03
5.462830047759235919e-03
5.369284895859782400e-03
5.367128454964779048e-03
5.162802052695342203e-03
5.450470913836626824e-03
5.278533305831158325e-03
5.441871684721434101e-03
5.096771566083892376e-03
5.399926568014677165e-03
5.346841143247085815e-03
5.311406225845169242e-03
5.247820975319407097e-03
5.411241792425628382e-03
5.140747004701524091e-03
5.113261762174357503e-03
5.751563221181360021e-03
5.221567896602307031e-03
5.631258453758781514e-03
5.568969042509467303e-03
5.451623334153867829e-03
5.220505927841506168e-03
5.331718208891451059e-03
5.335423498082038883e-03
5.895860137722674574e-03
5.125494981626101988e-03
5.193023792102218622e-03
5.198654504561311604e-03
5.477520579679420396e-03
5.523853128941515027e-03
5.213011259870481071e-03
5.358919928722703958e-03
5.373912470474375390e-03
5.166727263746654156e-03
4.955155882318342669e-03
5.425385612071934385e-03
5.547818551053379510e-03
5.570045355383343444e-03
5.532281992348612142e-03
5.435583118590664106e-03
5.313232302854925364e-03
5.250115979246485626e-03
5.314852604912561999e-03
5.206720362947648249e-03
5.660244144253962113e-03
5.456127581984222819e-03
5.220594484260597176e-03
5.380784992463961275e-03
5.194645373792535457e-03
5.300672172984800291e-03
5.076435174795620488e-03
5.801359408054246498e-03
5.055259457969960880e-03
5.093405445471113624e-03
5.320202560755770381e-03
5.153338221777574966e-03
5.393120675192599259e-03
5.183472373310314685e-03
5.495321414485078264e-03
5.237017584927767741e-03
5.263045396998405553e-03
5.245589028603238856e-03
5.658762007495581753e-03
5.449437129058504019e-03
5.289238694859131097e-03
5.396996369580924283e-03
5.657738727927620788e-03
5.517717882321256963e-03
5.418326864729295332e-03
5.531841189721993339e-03
5.583037439949650391e-03
5.236549226269606415e-03
5.063762284611949757e-03
5.076035528984034970e-03
5.172397409616101040e-03
5.209805266544192612e-03
5.403696701616961078e-03
5.424622785356244918e-03
5.347472588304884658e-03
5.164756521875231779e-03
5.675318972114025071e-03
5.126425664919479278e-03
5.458898262586752911e-03
5.247092934725571325e-03
5.475032542344533334e-03
5.014458645671869552e-03
5.153881438717388720e-03
4.956484113819646133e-03
5.050141654846345730e-03
5.337220938820777354e-03
5.121269903419925149e-03
5.136869947778350230e-03
5.403690480053396396e-03
5.853166533880942851e-03
5.907493813720518690e-03
5.263890816896489057e-03
5.335929768730899789e-03
5.354160117077497172e-03
5.247248023719345428e-03
5.544911403002601366e-03
4.947140117110873127e-03
5.357049995388338606e-03
5.123577465536088664e-03
5.458153673553994140e-03
5.515758808628022127e-03
5.406411872445057894e-03
5.118999497736675605e-03
5.316020871291890493e-03
5.055947641110148348e-03
5.393840768227051857e-03
5.557501684251222804e-03
5.711929814204436649e-03
5.583915451773033972e-03
5.119196833465611968e-03
5.549913549075740672e-03
5.656683348553390167e-03
5.237029977946715611e-03
5.488248751773614972e-03
5.353367103842265884e-03
5.208475573123197075e-03
5.092886529174853703e-03
5.373216290687901804e-03
5.361226144128413383e-03
5.515646192612352200e-03
5.491644448196471642e-03
5.506306865399993727e-03
5.293373474979272582e-03
5.285342629614915924e-03
4.890592221241585845e-03
5.159363475315822435e-03
5.385601117332966536e-03
5.404519533320492793e-03
5.674944273122562236e-03
5.515887880995566997e-03
5.584817127598433288e-03
5.289694664978310430e-03
5.429042268174182756e-03
5.351884047144415436e-03
5.140617233763415846e-03
5.078427961978410933e-03
5.266743724404196296e-03
4.911173552199736905e-03
5.308684603748693547e-03
5.221085536176226123e-03
5.184538430241959935e-03
5.520127673749169843e-03
5.558228366401897665e-03
5.187514052827377729e-03
4.977057365863535657e-03
5.458485900410280957e-03
5.072305956781793593e-03
5.430842220704327171e-03
5.471356465727487094e-03
5.109449606634005464e-03
5.716357905781284214e-03
5.572947324688762825e-03
5.832730372097380198e-03
5.211735228036796369e-03
5.197872306524881948e-03
5.171514781003044674e-03
5.262306119800132069e-03
5.190792982103285477e-03
5.212997666263941184e-03
5.315472622350310081e-03
5.146996228313284114e-03
5.175666941994416272e-03
5.271433146670122943e-03
5.018193036130462990e-03
5.169644369624212463e-03
5.332985725913052047e-03
5.463305497076622816e-03
5.207270004578618688e-03
5.711771469060813664e-03
5.065150221887202223e-03
5.323330685710570172e-03
5.438981673966613271e-03
5.083497135580702236e-03
5.376499308844826311e-03
5.044424334072283335e-03
5.249261043416394469e-03
5.356638484633960071e-03
5.487919335838178404e-03
5.370681143372172187e-03
5.264832604208101625e-03
5.550061111534394798e-03
5.295050239554434379e-03
5.403460165883258205e-03
5.198195887971927831e-03
5.489482431239981614e-03
5.302000794883334790e-03
5.481334303010524690e-03
5.420921892200137975e-03
5.268281556360070519e-03
5.332864756932103462e-03
5.332333363216935559e-03
5.362811027967702253e-03
5.491322180790719938e-03
4.960574017647122191e-03
5.489564185715285760e-03
5.311422402217120392e-03
5.552923773380293374e-03
5.661351067443776489e-03
5.454929183754140230e-03
5.450146455637452578e-03
5.150616450855790424e-03
5.512946766639242012e-03
4.600867316859290346e-03
5.359435228961898987e-03
4.958137360057637832e-03
5.438842847238825259e-03
5.699335171131972126e-03
5.437434397668091703e-03
5.572758931888703929e-03
5.367310883663236470e-03
5.636719226611140547e-03
5.312148372918409737e-03
5.649206032240974146e-03
5.574062985135666039e-03
5.622084701269011026e-03
5.593979247274517494e-03
5.319192589395053961e-03
5.179416611246678327e-03
5.446873168351131292e-03
5.198369409220562377e-03
5.657991199295544713e-03
5.720525298300808276e-03
5.191248183000206004e-03
5.682531985266994073e-03
5.549772055686314626e-03
5.278792248782438259e-03
5.126418715013744166e-03
5.732601006381812109e-03
5.285503307185757289e-03
5.038553931804142828e-03
5.370274637653726230e-03
5.228470656484920064e-03
5.248857100336816114e-03
5.420322897643518531e-03
5.473174360420982910e-03
5.424186178050042703e-03
5.192313016403454599e-03
5.365806342535547543e-03
5.280399555312294269e-03
5.606004849986674296e-03
5.676543521706496620e-03
5.422844036333666559e-03
5.312892937575686841e-03
4.747381610262211594e-03
5.409626034589946203e-03
5.022629139649044741e-03
5.288431718098083288e-03
5.354426701649156982e-03
5.381006541904814235e-03
5.570259555397455604e-03
5.130005722892625949e-03
5.420542312329490811e-03
5.291066882579223765e-03
5.304988914052867315e-03
5.533902254292374749e-03
5.528659176251202005e-03
5.113667350589001098e-03
5.064231229400114991e-03
5.518113435556257565e-03
5.110540825946504988e-03
5.716585454024826138e-03
5.636613121419997707e-03
5.126023088267808378e-03
5.009614309393214948e-03
5.079923442933708885e-03
5.150835943579784061e-03
5.030542146759950373e-03
5.520477962246839697e-03
5.241696751964772250e-03
5.272703523983768813e-03
5.505006969101357978e-03
5.021512304456594161e-03
5.540493644893811596e-03
5.582406897347677761e-03
5.234133427238918911e-03
5.125368620473717482e-03
5.446233713393991427e-03
5.409960757325678847e-03
5.221791447686304627e-03
5.239366362065836155e-03
5.363473160162689213e-03
5.220521469786098580e-03
5.151803774398860947e-03
5.281906393087489916e-03
5.671336993247099931e-03
5.268976768786508280e-03
5.188413463842776047e-03
5.256252010450419496e-03
5.426057116753078315e-03
5.468589882996315217e-03
5.298442726904854447e-03
5.421285123936052906e-03
5.409741373840448210e-03
5.245558317824047453e-03
5.598277754776418043e-03
5.252214887440762210e-03
5.518351988307143054e-03
5.398691040978353256e-03
5.255675051927435025e-03
5.418323867309931402e-03
5.027183344470512183e-03
5.415979729413688756e-03
5.108145250729455994e-03
5.611657491270346382e-03
5.209659835895460653e-03
5.668943133464518155e-03
5.642408139740867981e-03
5.259611741620403950e-03
5.179079869891836142e-03
5.178014372654717729e-03
5.401541370994809681e-03
5.304784950128876506e-03
5.309896244537040504e-03
5.219222531537992364e-03
5.250530876032405252e-03
5.167612753904152027e-03
5.121639200574790163e-03
5.117141014839413950e-03
5.238849815024997428e-03
5.474262212910764244e-03
5.684290160959623063e-03
5.213223578730224669e-03
5.327688869571720748e-03
5.454494800463856492e-03
5.436698156448603429e-03
5.176518442345567038e-03
4.490167845324329401e-03
5.397823419940818608e-03
5.060261537020356928e-03
5.270850826565933421e-03
5.335517442206111696e-03
5.232134219930589629e-03
5.728554483770554283e-03
5.374535920548421074e-03
5.426201019038353647e-03
5.539284278964504496e-03
5.201185471370838725e-03
5.049778072694926026e-03
5.473235495310102734e-03
5.342349338064846659e-03
5.603432845378121877e-03
5.099332566685478747e-03
5.700637516760801403e-03
5.068925195413269066e-03
5.500065854252538661e-03
5.267635099002225367e-03
5.271941370651536847e-03
5.448821836634023738e-03
5.421086753775752193e-03
5.575169418386459637e-03
5.492866389512118634e-03
5.305598052009433130e-03
5.393418424396959066e-03
5.513751239658623571e-03
5.309423390442535688e-03
5.473669596141116089e-03
5.695827749389480686e-03
5.436995239155612870e-03
5.226022132985916856e-03
5.430938431842119961e-03
5.404533118553126944e-03
5.363497682349642123e-03
4.971617069022533572e-03
5.256404797755649845e-03
5.463365229910195457e-03
5.107647576218092220e-03
5.422963113590529606e-03
5.300247457215366380e-03
5.416588864801463905e-03
5.314647250675822582e-03
5.284076666960127282e-03
5.097979084472931133e-03
5.465473821276125438e-03
4.956949243489701916e-03
5.261108740711266211e-03
5.094557437026736406e-03
5.468048754794639643e-03
5.305726805299899006e-03
5.024792628998425541e-03
5.388946176972427525e-03
5.313126807328139717e-03
5.226736273724436402e-03
5.255713298858823504e-03
5.316489466009912714e-03
5.176142875825494490e-03
5.404434135052788891e-03
5.369898586838829820e-03
5.364249174049575720e-03
5.324985434858336801e-03
5.331797631786676026e-03
5.095366999169359708e-03
5.138286137440340948e-03
5.427143152024233204e-03
5.214756879984482930e-03
5.563257765787229907e-03
5.163113480420044449e-03
5.307011352087680559e-03
5.426627028498207973e-03
5.254018606967633329e-03
5.612103118762108017e-03
5.438814937140351580e-03
5.145674046577176398e-03
5.560404934903785158e-03
5.006800598188762899e-03
5.334608984257882026e-03
5.334517947488489134e-03
5.533815753688906512e-03
5.636324683651087845e-03
3.454704286167796339e-03
5.645543790741272203e-03
5.148170614287149449e-03
5.848545480650955801e-03
5.075235287077792083e-03
5.176796288425029521e-03
5.126387192331457662e-03
5.285827224334174387e-03
5.559082151714868011e-03
5.601106103661936467e-03
5.671176962673349885e-03
5.339992517167065252e-03
5.341121434494736954e-03
5.592860663312958225e-03
5.285903554502559970e-03
5.183807441239402132e-03
5.415484353098851296e-03
5.309171911523467499e-03
5.177028727704849689e-03
5.584324863923717172e-03
5.336687085510586140e-03
5.424860641802679677e-03
5.306622998311078324e-03
5.353667425787956430e-03
5.419067067178736166e-03
5.163810342223179063e-03
4.891235692478736533e-03
5.435825541924314483e-03
5.306355611828030526e-03
4.836096523903057887e-03
5.617226741617411048e-03
5.326311614218706518e-03
5.385815157614997836e-03
5.094152748183936041e-03
5.417573938285120787e-03
5.388425474137668002e-03
5.476898358831723893e-03
5.685213620634313632e-03
5.248532722157488520e-03
5.105012692460421386e-03
5.480753765906676289e-03
5.315686544464912414e-03
5.271119828076850471e-03
4.991584136598238228e-03
5.580731871303950230e-03
5.570654898521106013e-03
5.466194603091592899e-03
5.079102364693288858e-03
5.304866197099637054e-03
5.134061408506662184e-03
5.439238578207454891e-03
5.325054235203918046e-03
5.341362089793450993e-03
5.646097407291409027e-03
5.072590922924927540e-03
5.375640486354810697e-03
5.394040596376680798e-03
5.047984634981333291e-03
5.138325129377944132e-03
5.649993830657719547e-03
5.575496824164675840e-03
5.441479991491536376e-03
5.078208670461440560e-03
5.258713075406136125e-03
5.257882986282895812e-03
5.096147867840381679e-03
5.430379715957866713e-03
5.282717489473306646e-03
5.232845395738677796e-03
5.214745226600395363e-03
5.138211736181719919e-03
5.075916882576744088e-03
5.653858984808824220e-03
5.679357927708838030e-03
5.371508737180541102e-03
5.170553213646235727e-03
5.301268591277199550e-03
5.575725059976597599e-03
5.235713808154538428e-03
5.282210584757762034e-03
5.211839942347168408e-03
5.604968833018608189e-03
5.282079714829088571e-03
5.622114330382136684e-03
5.058404873736935953e-03
5.316220383269162041e-03
5.235035848488478125e-03
5.150975544785186058e-03
5.496846863478925191e-03
5.369070468286341220e-03
5.369455687192160355e-03
5.123252156196756064e-03
4.980243931262551965e-03
5.287711548677594305e-03
5.344378394311299213e-03
5.395074481086521885e-03
5.220473192811434134e-03
5.497884450097740953e-03
5.311865302819093401e-03
5.072654491158138691e-03
5.039584411251979250e-03
5.245816694596303585e-03
5.230468800680126637e-03
5.407331323083055565e-03
5.546420300922848962e-03
5.574833256068671000e-03
5.359528996001612471e-03
5.455677960056898486e-03
5.083375495870176737e-03
5.189635926164698487e-03
5.389997725764585253e-03
5.488306161444906142e-03
5.408016646938023850e-03
5.139647676662651918e-03
5.220327979495197925e-03
5.616068196556630449e-03
5.684877821547275160e-03
5.287389091893426873e-03
5.536852449036011592e-03
5.157702052145780001e-03
5.152246802379752133e-03
5.345743453317880652e-03
5.149062671353232812e-03
5.298943235114888031e-03
5.387363455560530319e-03
5.734268246474630466e-03
5.675479279817854418e-03
5.899792170783143760e-03
5.241859599393574459e-03
5.406609081422868168e-03
5.396289678921510451e-03
5.301010729442028578e-03
5.408230767960568383e-03
5.505533356431001855e-03
5.450128692038265499e-03
5.296209938886612192e-03
5.060520400407402322e-03
5.186872500848898303e-03
5.335454040238767071e-03
5.251756499014009587e-03
5.169535383476405420e-03
4.858226519780093310e-03
5.496345182863517434e-03
5.395505681188351478e-03
5.664312942875188855e-03
5.380958648066328821e-03
5.154615332872969184e-03
5.306221181674820875e-03
5.619900854249410514e-03
5.432644210446405456e-03
5.285154465235750339e-03
5.163431359439151630e-03
5.108602808621410564e-03
5.141847696121347802e-03
5.320664783966260955e-03
5.147551448209259847e-03
5.662203645967751713e-03
5.164449170742529266e-03
5.512590401654669098e-03
5.116317668486147080e-03
5.733808332986841186e-03
5.190472528146356304e-03
5.323896448445175796e-03
5.374073046998987212e-03
4.889203614255376550e-03
5.001361882551305649e-03
5.144890573504320476e-03
5.174343243355995596e-03
5.295723992537321005e-03
5.373651040100103048e-03
5.258069311501269855e-03
5.275704170258734178e-03
5.317056359084612431e-03
5.258334940979812223e-03
5.507192733187136167e-03
5.373426561596380234e-03
5.042094751944255562e-03
5.251979148884195273e-03
5.208066354690105322e-03
4.829219106517165794e-03
5.190323100626890659e-03
5.499132416432381092e-03
5.321669442073893343e-03
5.483456047109432942e-03
5.443950015629066969e-03
5.625979527394330167e-03
5.365944142992503350e-03
5.404170914280313591e-03
5.345889204449045737e-03
5.165640470644428800e-03
5.578469353672524389e-03
5.685847678624711063e-03
5.290810366920980536e-03
5.290959318672965213e-03
5.553402957888187857e-03
5.978881675965617808e-03
5.545844349365273117e-03
5.212852883068559706e-03
5.545774009219722918e-03
5.621721743913342915e-03
5.539957371437431027e-03
5.415897326171596922e-03
5.595979491490973845e-03
5.083508469358473565e-03
5.254112523413621491e-03
6.151763623674776083e-03
4.965389568600634199e-03
5.349093143451273506e-03
5.260795271554122472e-03
5.312512134345680551e-03
5.315865034856354261e-03
5.418757008628213336e-03
5.522951714215764557e-03
5.239518189286089707e-03
5.181250107091324615e-03
5.179765282587345254e-03
5.250974134189924196e-03
5.330145122831608274e-03
5.530399980450779671e-03
5.123633025737124071e-03
5.361046844131106548e-03
5.118013434473085363e-03
5.602870354669059125e-03
5.203402601187022240e-03
5.193547467669490554e-03
5.184817563174874341e-03
4.949697831824320660e-03
5.089274608785801686e-03
5.600467970893787707e-03
5.081800163915500997e-03
5.210172929923105427e-03
5.149848052649366043e-03
4.993096487412777493e-03
5.372104539226708365e-03
5.383943506561067807e-03
5.258926068143306674e-03
5.494039181267237372e-03
5.460834795662022727e-03
5.243338819238023939e-03
5.074003709001626179e-03
5.173455877951257248e-03
5.341139752533044516e-03
5.360959942721992694e-03
5.454591766126238792e-03
5.375372510449311081e-03
5.169142418714176880e-03
5.633682330271110039e-03
5.185074798049801176e-03
5.285390592317426930e-03
5.183883345905389642e-03
5.172383715604561734e-03
5.335976481756638141e-03
5.257960022745407011e-03
5.344074594360440945e-03
5.584596372210651020e-03
5.375734184640915472e-03
5.285667342261172498e-03
5.453212588383040890e-03
5.412282339192788470e-03
5.353866542619408267e-03
5.071435840143495577e-03
5.212145967698372448e-03
5.268284943624549840e-03
5.335302082335824023e-03
5.535278074958139768e-03
5.139779138505870537e-03
5.407092019385961214e-03
5.377001430246702157e-03
4.818242200597938792e-03
5.125337374928980866e-03
5.345459893263246678e-03
5.238260783732605515e-03
5.327551463470547345e-03
5.337696602957948608e-03
5.052852268439362790e-03
5.231591216193592388e-03
5.115842580586992330e-03
5.537174927666933463e-03
5.471079653136802674e-03
5.406312945463362038e-03
5.461088445580747873e-03
5.484962225812887830e-03
5.096485043659058564e-03
5.154454163516948399e-03
5.134002313111558739e-03
5.164647753196440622e-03
5.419897102908298979e-03
5.175648090749555147e-03
5.139914183862353061e-03
5.193949244452639342e-03
5.000481187403749833e-03
5.229546124079813112e-03
5.328843433148995612e-03
5.373023216522839797e-03
5.323761376179348727e-03
4.977841800701423777e-03
5.262963825564430029e-03
5.040225953360493588e-03
5.412743694075400694e-03
5.358746885746076480e-03
5.599132692448907829e-03
5.028049187970544225e-03
5.602327571709760957e-03
5.120497899173495106e-03
5.439177388366405776e-03
5.153786016905322238e-03
5.161808839239544547e-03
4.962175531903076364e-03
5.501571466731083708e-03
5.719781539727462547e-03
5.383193215767170282e-03
5.322202937036319033e-03
5.216610397261489326e-03
5.099349174609126185e-03
5.122110106191488793e-03
5.235599703288934537e-03
5.597347528512187052e-03
5.311114555142350951e-03
5.287156835494347638e-03
5.358622000020076340e-03
5.536209701365141581e-03
5.448660581718767042e-03
5.195587895012225566e-03
5.105765146185301667e-03
5.481733209307868698e-03
5.124339421465668246e-03
5.462391611876479640e-03
5.290028365794092503e-03
5.410421756181843164e-03
5.359317542060980898e-03
5.273212640192763596e-03
5.500874788530315911e-03
5.372649390663637031e-03
5.211480311745763858e-03
5.253459840595477159e-03
5.026756752527897915e-03
5.197081968110192803e-03
5.485767341345785739e-03
5.574111239176808216e-03
5.536101112154510374e-03
5.175277624022029191e-03
5.357783409954050384e-03
5.572061191967772956e-03
5.242493014247562311e-03
5.526539855802730349e-03
5.343252518242931799e-03
5.274121663426101919e-03
4.929217668049588365e-03
5.479734399942664917e-03
4.864951321601558923e-03
5.286582268690025697e-03
5.085621430277055544e-03
5.403507620213236773e-03
4.994590390356311652e-03
5.424888430749430154e-03
5.074308300492356288e-03
5.272662550024872878e-03
5.290280691585522860e-03
5.588399091841684402e-03
5.571358610392996777e-03
4.786095079728203833e-03
5.081760486101023419e-03
5.391007285610101285e-03
5.602614665874483708e-03
5.472254771613807751e-03
5.290740955756174230e-03
5.325134488350093467e-03
5.181930307311013832e-03
5.521447694879924074e-03
5.303282213897835516e-03
4.988978790446540502e-03
5.091689585805822191e-03
5.441985931920826844e-03
5.367728211986657824e-03
5.631667758186145734e-03
5.256984697311970454e-03
5.669215000310767923e-03
5.734435830251854646e-03
5.226977503836055181e-03
5.285083757321173102e-03
5.405873890572276790e-03
5.224214121325907248e-03
5.122491110300987811e-03
5.343848387463805832e-03
5.788459417187715936e-03
5.595171592350482379e-03
5.632429507071485056e-03
5.464571137466790220e-03
5.155044633938134745e-03
5.153832864845002588e-03
5.423116517022672466e-03
5.317587532281317468e-03
5.782966760003216238e-03
5.375098901901504030e-03
5.534820270282149283e-03
5.382947006525171801e-03
5.497127593290305862e-03
5.498733630501812658e-03
5.379176790261806784e-03
5.661826559441835750e-03
5.541460292144343228e-03
5.129147471195107805e-03
5.402534937854512435e-03
5.413452044496927865e-03
5.013769446153427088e-03
5.445162240901879960e-03
5.593727176882478010e-03
5.587132181811499745e-03
5.024199684967340686e-03
5.382122178872738270e-03
5.532564610524551285e-03
6.515203134492543631e-03
5.218266210899789002e-03
5.297553347879738021e-03
5.296415870849262124e-03
5.064263796179798577e-03
5.395941175351189750e-03
5.231357755263755897e-03
5.502032657472095446e-03
5.438059368912023621e-03
5.210498414026176230e-03
5.266243174127267605e-03
5.461638551238232574e-03
5.363611520429659336e-03
5.026637394278579869e-03
5.409988603541979538e-03
5.311217513947340436e-03
5.731462742647179531e-03
5.201389467800688650e-03
5.178231671374174290e-03
5.492619762975057933e-03
5.565013228205129003e-03
5.759538575832587153e-03
5.565384417324760295e-03
5.325078222040987609e-03
5.449555204450957924e-03
5.090385604682283634e-03
5.434751185662398468e-03
5.603114933847299153e-03
5.324226492270858237e-03
5.317210967366262780e-03
5.433412511117338868e-03
5.246537682484783000e-03
5.612350575588708097e-03
5.094981700409079856e-03
5.303731772845960736e-03
5.242949369466265962e-03
5.471253438321851612e-03
5.331376311476015636e-03
5.605428305292035548e-03
5.183996561889709850e-03
4.936414722599828143e-03
5.651861409267093517e-03
5.240756071283470506e-03
5.134584430313864599e-03
5.956845874487647768e-03
5.277046212861588245e-03
5.202193638837107267e-03
5.574120806703456756e-03
5.186156640224401197e-03
5.145233116099489322e-03
5.464188912680387894e-03
5.242385667989912096e-03
5.311489009330966522e-03
5.284569778256572280e-03
5.337640728982503101e-03
5.392568496754537172e-03
5.719365690799734815e-03
5.462006910305404125e-03
5.258209631467902073e-03
5.324864630989510107e-03
5.490659476974975306e-03
5.442141442977888044e-03
5.197835209435881440e-03
4.956684413653205702e-03
5.236224636012184151e-03
5.386298170439634062e-03
5.097714744933175626e-03
5.514874432010363585e-03
5.176772371217121770e-03
4.998874681478601353e-03
5.157732558586261389e-03
5.078770574711679968e-03
5.539141031149337480e-03
5.111064455921357323e-03
5.338382793019033276e-03
5.269908985896636262e-03
5.572804978807736898e-03
5.124455455716472353e-03
5.178388380833322258e-03
5.093085797725862597e-03
5.798177444325727098e-03
5.264992628250652479e-03
5.659109686460185411e-03
5.028295414923746737e-03
5.087182821626832531e-03
5.097251504581150859e-03
5.202111050648457365e-03
5.290201258082095209e-03
5.136646491087795349e-03
5.134096855082921455e-03
5.186093050994509089e-03
5.151313261465554315e-03
5.259419200546687316e-03
5.451378867252223807e-03
5.725205249885070673e-03
5.420546520423540245e-03
5.156357321815020246e-03
5.632363009353116845e-03
4.850562283065732415e-03
5.603778171284158963e-03
5.162427797768714618e-03
5.040676058879797750e-03
5.230694893948962740e-03
5.011278112767292119e-03
5.479949506155637820e-03
5.497691540431649815e-03
5.343042242306261964e-03
5.233644045686249892e-03
5.010608482153009954e-03
5.144352607869740260e-03
5.050824448806361631e-03
5.588700892344046142e-03
5.428386234823894159e-03
5.069132931423745922e-03
5.029817419436216457e-03
5.427215378341895997e-03
5.327858904792216396e-03
5.473798850600029853e-03
5.175126067620889302e-03
5.232795174286635626e-03
5.297019846015580541e-03
5.172804374819110242e-03
5.045353849908542666e-03
5.313721721942674461e-03
5.304715845202336716e-03
5.542327800839982541e-03
5.311203859133511312e-03
5.250092537975357444e-03
5.608815092660470077e-03
5.195210574757784354e-03
5.293379244412827617e-03
5.246728538914206645e-03
5.241307204113880049e-03
5.389436128902117332e-03
5.596600700308347956e-03
5.573344750331160093e-03
5.516570830221244337e-03
5.232885120007376920e-03
5.185505965397100778e-03
5.044174697254362981e-03
5.117479925151440130e-03
5.312779433192449906e-03
5.282723228856236498e-03
5.631324440099698056e-03
5.265804058270880106e-03
5.331487014593726606e-03
5.406118114397183254e-03
5.138019105608429733e-03
5.595056815700710263e-03
5.367204336397211721e-03
5.537772523701871633e-03
5.464841447261997200e-03
5.356364237205550952e-03
5.447439004166367872e-03
5.351465796646369226e-03
5.216587244770891016e-03
5.439561737598908910e-03
5.491693308794010076e-03
5.305509428019615330e-03
5.609165224498511952e-03
5.392408098450601414e-03
5.129508643130548454e-03
5.309229053167933109e-03
5.104012250583452211e-03
5.262432026436523157e-03
5.125598324124162712e-03
5.510891415442548819e-03
5.277005338896191902e-03
5.305928965716502112e-03
5.146981718715013844e-03
5.639143593250326575e-03
5.728446098629368446e-03
5.253504706045831162e-03
5.194419913214297184e-03
5.208922679652594999e-03
5.494124126704022677e-03
5.588961951072096007e-03
5.583080817241509522e-03
5.275620257105111469e-03
5.230964268610999168e-03
5.262989678521900160e-03
5.454798017016884715e-03
5.555712923884717838e-03
5.407551917580554098e-03
5.313968415100317477e-03
5.652734821316817912e-03
5.086959858724516247e-03
5.555160159134230058e-03
5.286203198542063601e-03
5.649511572071786066e-03
5.646677049698944732e-03
5.237956066237212105e-03
5.168613493993486595e-03
5.346945214456028106e-03
5.322656468633187206e-03
5.105159767106736378e-03
5.371924821174864362e-03
5.270531834010615951e-03
5.306927861580966639e-03
4.866973506877124607e-03
5.408327141205896034e-03
5.253096463069115672e-03
5.695028933027930507e-03
5.248457268648106140e-03
5.320418233864277271e-03
5.416653644943544323e-03
5.278137471430315378e-03
5.211914345472056995e-03
5.147568350272201804e-03
4.903049375752303006e-03
5.536536026229743092e-03
5.090378969385430004e-03
5.335528652129563863e-03
4.914536896123117282e-03
5.448131022765909971e-03
5.499583706239706202e-03
5.177851490756914081e-03
5.197611983856604244e-03
5.384618286802340427e-03
5.468331443403784929e-03
5.393801353371550922e-03
5.528005829125415792e-03
5.580977159004569046e-03
5.161971917629991531e-03
5.151962363801648043e-03
5.623966433429289195e-03
5.230972800973951627e-03
5.230979510780555189e-03
5.437334756124976264e-03
5.547985532077021401e-03
5.334149131805134350e-03
5.625846394738853035e-03
5.276476015262770644e-03
4.914449729710183325e-03
5.066704302095144906e-03
5.251778673753751056e-03
5.411647220468909086e-03
4.993159169998586007e-03
5.586879715766757820e-03
5.128228877302845254e-03
5.293909744602105956e-03
5.784184549997268589e-03
5.156552594473480002e-03
5.637545468726052646e-03
5.066220408461367779e-03
5.095576776513744029e-03
5.136409661911808984e-03
5.262788335523320080e-03
5.654501273570408659e-03
5.075880891991512399e-03
4.721258132429784898e-03
5.239286806396226820e-03
4.945175089136699328e-03
5.061984293330888500e-03
5.685697225311278288e-03
5.220464846700796462e-03
5.606378268727366283e-03
5.466972975436288663e-03
5.219341303493979685e-03
5.128242932495807871e-03
5.148623154770948403e-03
5.560408398526464624e-03
5.542222938053677564e-03
5.536875216604058604e-03
5.485131017612767876e-03
5.587261756050293168e-03
5.310863757748084633e-03
5.086842528023364889e-03
5.237645875811913418e-03
5.100690389885279181e-03
5.153117452663042927e-03
5.314177215320751470e-03
5.538806939294931182e-03
5.464716209510939518e-03
5.219625496087186393e-03
5.024185380673540022e-03
5.030581541876984371e-03
5.441412029009698795e-03
5.476892559350298416e-03
5.144699249585637721e-03
5.605581643307149843e-03
5.229209156153678817e-03
5.333284706096152669e-03
5.300326071539908715e-03
5.013061892693094004e-03
4.941711061547369305e-03
4.754903347809993908e-03
5.113334835821382353e-03
5.173233546528334913e-03
5.303169873450716207e-03
5.050648473910704546e-03
5.343672041738375608e-03
5.444251769716502119e-03
5.307428512881024428e-03
4.964006029126097341e-03
5.570954916794319638e-03
5.427751883849920092e-03
5.131987670727485018e-03
5.348174435259762938e-03
5.375874340680272291e-03
5.349399640516589761e-03
5.470165482704355576e-03
4.940107583185508570e-03
5.325007055839083882e-03
5.324845334317394874e-03
5.040333596797286209e-03
5.360877163497254801e-03
5.406031137057543644e-03
5.431709014335497042e-03
5.523379162097329619e-03
5.318537322593384215e-03
5.119236117938713582e-03
5.692936408644792487e-03
5.571310618027683174e-03
5.145550515339328973e-03
5.181537522775471298e-03
5.177543795388609739e-03
5.054455531897449928e-03
5.346885518832110960e-03
5.296971257286584543e-03
4.886089948118821878e-03
5.242376309146984902e-03
5.233431163365137584e-03
5.330629708062978832e-03
5.209506536186761690e-03
5.488083017715562895e-03
5.323259593249503666e-03
5.027022611694349601e-03
5.618379343672524201e-03
4.951302019057973389e-03
5.349580318433157060e-03
5.484298504971722721e-03
5.505594272269574881e-03
5.664304622776408782e-03
5.414501874839869333e-03
5.283015291455984627e-03
5.258041150492739554e-03
5.368668380361621591e-03
5.254496933435185042e-03
5.176280601829599294e-03
5.584943965872978151e-03
5.436283412186672034e-03
5.198239925305745551e-03
5.834841437588905548e-03
5.108219087200268488e-03
5.314279080222189880e-03
5.757858361699444948e-03
5.472288185732577387e-03
5.446398162315496845e-03
5.259774813664302648e-03
5.295699223631551711e-03
5.506600726053943046e-03
5.388442808810414708e-03
5.218627919410669114e-03
4.944809746019485433e-03
5.773326582171225789e-03
5.184016955719631531e-03
5.234241876476870836e-03
5.614505413311898264e-03
5.185482236352615369e-03
5.256727817767824912e-03
5.407131083598017314e-03
5.462535563859630995e-03
5.166235518666970408e-03
5.748838837180142956e-03
5.391635400784684611e-03
5.157418334062011112e-03
5.282985219507415307e-03
5.388318422627484672e-03
5.292548361894472940e-03
5.241802194976593297e-03
5.420746658652541954e-03
5.629894288781814304e-03
4.961714257171145372e-03
5.524499456110022570e-03
5.565998523746361337e-03
5.019952448764731373e-03
4.646346773926591199e-03
5.298333695450182373e-03
5.102679761381759445e-03
5.569673155633848502e-03
5.326332951897023472e-03
5.203017183050467030e-03
5.576941394048865776e-03
5.594118914919543259e-03
4.958320434156024935e-03
5.072717767223345643e-03
5.157146075807091980e-03
5.482971771248621069e-03
5.475181800665580682e-03
5.208677512126857513e-03
5.408980743598241006e-03
5.376153709548770268e-03
5.157805736190185751e-03
5.543314804183561463e-03
4.931221324490814815e-03
5.346465521478799277e-03
5.247979802095834902e-03
5.012228562155357503e-03
5.566163791996802182e-03
5.339163101404804761e-03
5.564882654868426141e-03
5.532298446319570441e-03
5.491579910146479789e-03
5.235235644553782285e-03
5.364371608695920647e-03
5.170174687735853113e-03
5.035038279086479114e-03
5.574154642057536913e-03
5.172138149304624823e-03
5.394376761365849912e-03
5.125749182803146509e-03
5.485508660036358952e-03
5.713700288652286477e-03
5.148212946665652219e-03
5.434353875543178163e-03
5.475118654606253923e-03
5.177861765274716609e-03
5.497613119708370973e-03
5.097296662065293506e-03
5.248359249314156309e-03
5.282949246067054211e-03
5.430007292230283958e-03
5.302219054893993373e-03
5.333735487742763751e-03
5.726720056246096570e-03
5.348696107544511497e-03
5.632074265089142412e-03
5.465436777151217243e-03
5.378662654449416734e-03
5.285361570479491476e-03
5.587972321302941796e-03
5.235176241228605039e-03
5.411947806177768924e-03
5.224551617539895110e-03
5.509234319653895373e-03
5.248022387072763355e-03
5.786217521291112456e-03
5.444808240238043634e-03
5.516836939668632624e-03
5.252055411002382566e-03
5.493407057051314692e-03
5.276550287284418120e-03
5.355713100109931422e-03
5.582145775605332726e-03
5.048338518989215623e-03
5.545163694534406204e-03
5.360059434106209664e-03
5.642976269886782262e-03
5.545704483689254706e-03
5.321431008819819605e-03
5.427657711430011918e-03
5.275310549703782562e-03
5.624189578777236131e-03
5.265352154060726902e-03
5.148621684918544550e-03
5.265428665199454496e-03
5.319614322333235910e-03
5.010794859721385067e-03
5.559085697719490758e-03
5.152324187157284255e-03
5.411046035694495188e-03
5.146354905436961204e-03
5.231323307992178165e-03
5.434668471565886304e-03
5.470245792220363411e-03
5.135079708493637748e-03
5.335081232542799451e-03
5.140726237008379045e-03
5.128107684117747499e-03
5.234014952804824129e-03
5.569219697789487035e-03
5.374198378736974244e-03
5.374902176651102578e-03
5.243263275616708019e-03
5.472275350186911122e-03
5.500089075625341599e-03
5.421073246775485674e-03
5.337713433317376778e-03
5.542445126753157460e-03
4.980619540602039194e-03
5.508891437591156154e-03
5.294729666464340068e-03
5.263628181241381508e-03
5.468658884932206012e-03
4.961145201322071131e-03
5.448026858395752826e-03
5.320355522135005941e-03
5.306344704001177831e-03
5.309456597796396310e-03
5.364294728622514240e-03
4.686849811445840085e-03
5.064280946916579866e-03
5.368059103532276180e-03
5.485931120792129218e-03
5.619520147370237785e-03
5.598396770436329592e-03
5.173395489146535679e-03
5.038721705127971982e-03
5.301781748804927988e-03
4.996237317792056286e-03
4.901747604354423846e-03
5.215169547928910979e-03
5.538085819652256540e-03
5.114352591607914528e-03
5.542763305966692984e-03
5.259463334697826557e-03
5.217096477555674752e-03
5.873444160220540194e-03
5.469892803886305249e-03
5.100449857742599125e-03
5.060334260736805076e-03
5.481209133127997249e-03
5.220636392019238105e-03
5.773370716630573350e-03
5.489354188998674458e-03
5.203640084376531631e-03
5.461587226969131376e-03
5.262775146699050395e-03
5.516390531535480049e-03
5.230508610556816942e-03
5.649485224505016237e-03
5.830265608997828135e-03
5.288639248917522372e-03
5.161626260367278840e-03
5.070487145126973197e-03
5.333087275208419666e-03
5.328339401599574421e-03
5.145779809685605520e-03
5.593297567290256983e-03
5.183666819190952020e-03
5.099548461168231829e-03
6.047328603225448143e-03
5.209519244118124282e-03
5.892809086860410078e-03
5.408952261815190912e-03
5.422263941488754228e-03
5.159729974945267798e-03
5.262518670023370870e-03
5.441439228025645412e-03
5.229166426909819497e-03
5.408047293935105450e-03
5.139752751621914917e-03
5.018090778916830565e-03
5.261504597320978451e-03
5.372299757275180582e-03
5.373342625396814766e-03
5.440389116513711341e-03
5.474308520869219929e-03
5.228836350110795117e-03
5.499291834371593420e-03
5.241889477170810253e-03
5.621850026926316496e-03
5.293068052051417595e-03
5.304548349917452728e-03
5.475587263815822128e-03
5.245115680814311891e-03
5.367287534637614661e-03
5.342893259228911375e-03
5.352266063103339015e-03
5.252786177207792451e-03
5.171695987043909738e-03
5.467692077795334102e-03
5.265953290006395067e-03
5.007246915604912120e-03
5.313617493485312156e-03
5.261769280669168804e-03
5.201032140521320672e-03
5.469435065035234932e-03
5.412768513438825403e-03
5.461696683169581928e-03
4.916342140980795375e-03
5.393589772753572785e-03
5.184432045019010324e-03
5.366812285775069725e-03
5.187144211102826495e-03
5.534840229408642329e-03
5.075334920841544431e-03
5.020017308179494826e-03
5.199985452624596508e-03
5.390190193579842692e-03
5.075889940288933616e-03
5.127772081492678984e-03
4.827838144970443730e-03
5.072023910460404274e-03
5.342165013838931151e-03
5.273826545632426081e-03
5.121316773503895373e-03
5.294635983090035386e-03
5.239364162595273877e-03
5.188541147001887732e-03
5.555668660526697292e-03
5.112827886360637140e-03
5.216359905217563507e-03
5.412223904240575506e-03
5.164769999612200783e-03
5.186803477970645081e-03
5.212760632804832282e-03
5.348049235177852571e-03
5.446348940489343683e-03
5.363753544376042258e-03
5.404130026383654854e-03
5.358931078063780204e-03
5.370062338520139970e-03
5.277593635753117379e-03
5.616661937876098187e-03
5.364081060294173010e-03
5.202206365112155804e-03
5.608107967675602171e-03
5.515659592741444482e-03
5.204923748489787699e-03
5.315523737624185639e-03
5.333727337953677108e-03
5.338957628075488397e-03
5.474709207230489191e-03
5.077174176484760236e-03
5.573672048470804628e-03
5.201318708992752442e-03
5.332320314517558467e-03
5.308903496623951397e-03
5.382030760869445894e-03
5.252487750400582078e-03
5.334366080808530981e-03
5.442422270113287351e-03
5.426700255295603681e-03
5.437315841592860362e-03
5.503752394407715465e-03
5.066747561051338118e-03
5.330667039283808716e-03
5.192206939696827721e-03
4.828418070258599405e-03
5.389837725473654861e-03
5.255818711308425997e-03
4.835040538592132349e-03
5.359625529228541005e-03
5.004878120582062495e-03
4.960436853924066365e-03
4.974914452676388113e-03
5.193438585101945067e-03
5.254983268264154343e-03
5.317066297579034831e-03
5.090226650095025333e-03
5.240001028145363851e-03
5.509526342932872037e-03
4.949453613603303076e-03
5.381288310754244082e-03
5.201562028473801294e-03
5.163737984850110159e-03
5.170616578960476190e-03
5.177336596611739443e-03
5.355560028156055273e-03
5.356277688070173321e-03
5.470279821390061636e-03
5.077562941541516502e-03
5.377580613726428913e-03
5.930150188139149577e-03
5.185989057447073364e-03
5.092435817723712718e-03
5.095510658914454392e-03
5.553446015422160154e-03
5.440374488934899069e-03
5.064728793058048163e-03
4.997093779074902875e-03
5.297968278730863165e-03
5.451667190986634812e-03
4.968456152711764676e-03
5.313326089868109642e-03
5.140243560698466892e-03
5.346137467480368589e-03
4.937519445573676502e-03
5.032403442591962608e-03
5.520228457710996128e-03
5.370912905269915709e-03
5.384765860603582879e-03
5.273843142326786922e-03
5.030151031107093530e-03
5.136978751432120030e-03
5.216080712557875226e-03
4.777842175878168826e-03
5.213380357573272304e-03
5.011196035183239882e-03
4.781891575243468230e-03
5.256132003047146034e-03
5.388298196152289422e-03
5.276073185769568179e-03
5.207958193857226657e-03
5.295483485395083637e-03
5.061426420793407009e-03
5.429542408466393397e-03
5.129093407578758437e-03
5.349107751148720127e-03
4.907614467193516759e-03
5.210291231289189764e-03
5.198412515226030588e-03
5.571299632831107872e-03
5.404321419951329912e-03
5.385593987100324373e-03
5.334979272360854466e-03
5.467284286398206572e-03
5.273208145596585718e-03
5.089895749700559975e-03
5.563972746380157694e-03
5.192914930328387975e-03
5.527039519242242169e-03
5.334198184499181622e-03
5.520417965252362100e-03
5.072217060042952773e-03
5.287568873475297603e-03
5.262580520764156833e-03
5.254333212574937607e-03
5.402723809740254783e-03
5.206002861725177698e-03
5.195724817877776444e-03
5.327032029471713906e-03
5.003742387915182006e-03
5.148143314769224564e-03
5.220263246741766068e-03
5.220268810155624141e-03
5.553123534970912274e-03
5.440773940894352324e-03
5.378499732766802224e-03
5.148401641796382031e-03
5.444967252533411059e-03
5.497022791799743673e-03
5.608597160472838031e-03
5.227821737787072438e-03
5.460260650198821633e-03
5.476282469712858737e-03
5.142872969524345077e-03
5.372537878800337334e-03
5.591486123343152211e-03
5.404766562219231324e-03
5.062363025470580785e-03
5.412748601450481645e-03
5.311379625326530761e-03
5.353627022438593210e-03
5.298907122678089311e-03
5.425764877037947062e-03
5.501845539208746229e-03
5.474428303143776507e-03
5.805357547758465894e-03
5.419560030380162277e-03
5.676784126305072127e-03
5.349332569069703731e-03
5.517353554507186709e-03
5.367780630977643345e-03
5.444233091077642535e-03
5.382387861560361010e-03
5.016726822539190403e-03
5.210166593582527331e-03
5.607349565504718761e-03
5.415014497128541569e-03
5.236600431957294695e-03
5.268487335740154945e-03
5.229918718871118949e-03
4.921870683954414870e-03
5.219306887168529557e-03
5.347151551691106501e-03
5.430897297107165761e-03
5.057086792743525905e-03
5.264837298402227049e-03
5.261008999653872011e-03
5.574377905108883827e-03
5.079530124465542543e-03
5.392970813367368652e-03
4.913176479851808463e-03
5.083332414001055961e-03
4.947509976850298676e-03
5.426117579569808211e-03
5.572717072583274929e-03
5.321513478179333741e-03
5.316507951293712037e-03
5.286784575999064519e-03
5.265275349516216133e-03
5.638022208404538764e-03
5.514358330344892520e-03
5.062500922081289954e-03
5.614501723221677898e-03
5.541011137648060685e-03
5.179847452222213246e-03
5.245244099843484643e-03
5.434224258720104020e-03
5.326069002491039608e-03
5.144918032095761873e-03
5.191854117653233597e-03
4.959958601110214110e-03
5.195069309033626889e-03
5.188491424907512757e-03
5.425928316047620367e-03
5.007636261532299495e-03
4.967296588243818624e-03
5.266400346040679692e-03
5.562450611762342206e-03
5.188647127282555380e-03
5.348982576238861704e-03
5.159927789423732029e-03
5.678285002611640868e-03
5.332844817038585872e-03
5.295291538084579211e-03
5.259012255360248113e-03
5.695720986488690685e-03
5.630426252494769024e-03
5.275459361030352019e-03
5.101383390707280030e-03
5.623207291672977295e-03
5.380207070673320192e-03
5.301343437515181230e-03
5.171655013658256646e-03
5.226448762964570720e-03
5.177000507074314140e-03
5.135879762010803727e-03
5.352017569016799536e-03
5.202930768653089670e-03
5.226093265122777262e-03
5.324101669110240659e-03
5.136784257360598252e-03
5.242697113621816105e-03
5.731764933464236766e-03
5.217525341812012489e-03
5.129444388022675987e-03
5.513401636825398210e-03
5.011634726835404417e-03
5.269105318238063995e-03
5.631080858573451163e-03
5.426516186652093239e-03
5.557086127800781386e-03
5.543372174050190462e-03
5.040848270475078649e-03
5.495073655944112886e-03
5.428682164505064731e-03
5.386157164831824329e-03
5.421223856043780320e-03
5.585387473393111854e-03
5.293518047465138252e-03
5.541079514245195008e-03
5.384400710257897758e-03
5.348650999126951244e-03
5.147122851021264378e-03
5.265619185420269445e-03
5.248270559186902703e-03
5.485783753580067423e-03
5.103818597170037795e-03
5.626380557742774978e-03
5.602626378609489553e-03
5.224813837280867061e-03
5.378661258746246510e-03
5.307938544041600724e-03
5.114976043116326726e-03
5.451916082284994150e-03
5.264540752138103380e-03
4.997541181252335499e-03
5.024416507666234870e-03
5.606977728743466581e-03
5.183876462977599422e-03
5.172442304590469352e-03
5.184596150787843666e-03
5.167433376875123913e-03
5.586398259658294230e-03
5.629604709616771452e-03
5.550210186577583978e-03
5.519996987408423358e-03
5.549637473970082426e-03
5.325802358821556809e-03
5.365841552893726996e-03
5.319607239674725013e-03
5.165503942059754966e-03
5.453547050569998271e-03
5.183931757648032115e-03
5.161860774234014460e-03
5.649106658151934086e-03
5.550575596834596802e-03
5.492388970057771047e-03
5.044559956752577880e-03
5.318543674258632663e-03
5.955653992000656954e-03
5.558948763808345753e-03
5.308793126048771266e-03
5.386077042040159080e-03
5.213350054268699185e-03
5.287107144773850118e-03
5.295300380461154081e-03
5.227964159912685399e-03
5.069841001577209995e-03
5.151426803607294172e-03
5.276982587484249122e-03
5.276658544009954314e-03
5.474188884951418192e-03
5.548466599349414878e-03
5.346634878217556251e-03
5.240388826903422809e-03
5.049584296428625760e-03
5.425664196266038325e-03
5.574958316843050578e-03
5.374618648764667266e-03
5.600888956023671733e-03
5.426835103849374925e-03
4.966348531096527637e-03
5.253709068233960652e-03
5.186502338640684891e-03
5.324907793159887846e-03
5.317492032256848286e-03
5.196165565447341712e-03
5.207636111779221158e-03
5.321597895726477324e-03
5.461817144246746379e-03
5.221691777867229489e-03
5.496189028182957986e-03
5.509350717034940635e-03
5.370305170024707551e-03
5.361805833216799246e-03
5.147551197737161056e-03
5.298428170480896753e-03
5.293065770490848650e-03
5.512467386836267941e-03
5.255844693041957123e-03
5.373429888355879189e-03
5.589106598224691073e-03
5.359352765574524301e-03
5.051337746385644624e-03
5.394360855903620501e-03
5.587438975186993784e-03
5.614824367259932565e-03
5.394698016019319406e-03
5.378389276584550314e-03
5.330594999584414503e-03
4.916314290072800602e-03
5.248545113525119286e-03
5.190491033774055803e-03
5.794170491325154569e-03
5.268627181817288341e-03
5.444258423322655138e-03
5.325572384511446759e-03
5.252674602389627474e-03
5.456324024722006803e-03
5.346468545454121160e-03
5.476379543459315713e-03
5.267096293393028379e-03
5.459221998777459388e-03
5.271375310757333080e-03
5.166649292809933139e-03
5.015173273942572993e-03
5.494546158206205407e-03
5.849977053734353900e-03
5.062737171116358376e-03
4.990300985211421590e-03
5.323070095646226241e-03
5.336053880956322104e-03
5.148751134548064552e-03
5.206228106849968354e-03
5.671973345975966918e-03
5.101143539128588818e-03
5.632842561685986668e-03
5.387930912601748487e-03
5.333925136594456010e-03
5.251411218434541388e-03
5.137758792295282415e-03
5.722610113787089496e-03
5.525320825397125879e-03
5.346837663292549475e-03
5.480951721081990524e-03
5.480074596840158602e-03
5.376114885830198670e-03
5.301437019973383180e-03
5.269968490144996513e-03
5.383967766136837051e-03
5.367326079733596850e-03
5.242464794531810635e-03
5.455806450486620773e-03
5.507494202359174487e-03
5.369780564049162624e-03
5.149913418949187728e-03
5.202490082517033723e-03
5.528109818522222024e-03
5.920253626802650035e-03
5.432019596817938556e-03
5.140469571880719804e-03
5.740223244127456124e-03
5.419434061440763818e-03
5.238667523934580419e-03
5.127224415693049965e-03
5.471664424669810817e-03
5.542483989426725405e-03
5.505149803696017703e-03
4.630386140507573682e-03
5.301076601556068031e-03
5.164074290674037192e-03
5.703928550341288636e-03
4.890599181565724075e-03
5.281462474248971480e-03
5.336232989721387959e-03
5.741189457297651844e-03
5.124742526322642426e-03
4.990400739288997946e-03
5.130967743729817482e-03
5.565641735537085744e-03
5.572686207249504323e-03
5.321013079586148740e-03
5.591021914629805759e-03
5.620352048687930757e-03
4.920983401220662030e-03
5.014550506309401953e-03
5.317715881788547330e-03
5.459882178710655752e-03
4.993251171507249141e-03
5.056592496328659973e-03
5.158869771516833881e-03
5.377517424035617444e-03
5.452669625689205574e-03
5.360037727924871209e-03
5.239959972480124836e-03
4.856064324098536417e-03
5.176007232341068957e-03
5.395511532270877951e-03
5.545866218074451716e-03
5.433253353996160377e-03
5.164816119384704404e-03
5.341676635881294731e-03
5.126834774476544780e-03
5.384312619352223626e-03
5.327834111187741348e-03
5.187287122674632232e-03
5.536022972147397990e-03
5.037439876508719230e-03
4.852556208903730309e-03
5.495859288154020250e-03
5.099247779063647255e-03
5.249939035825546864e-03
5.420505406153078125e-03
5.652170362034841973e-03
5.297613235087566229e-03
5.582460756698720203e-03
5.253969586623008677e-03
5.415892728800010200e-03
5.638227376298017915e-03
5.266374756705848037e-03
5.255218473309918904e-03
5.365168232429036975e-03
5.362165412683811937e-03
5.247599601032228687e-03
5.408552503612320747e-03
5.500402149751048089e-03
5.325133586969885147e-03
5.271016407801600544e-03
5.364657667929647461e-03
5.520969724764211890e-03
5.102617833281836157e-03
5.314248201625403588e-03
5.189979169809654132e-03
5.215157914570739232e-03
5.412976280499508068e-03
5.271023280899362479e-03
5.251334443787848347e-03
5.036163188593676017e-03
5.237497552631595679e-03
5.418769056362305811e-03
5.300687200850789232e-03
5.171482608981052900e-03
5.451390903230469119e-03
5.304332126940173794e-03
5.321116584724418924e-03
5.547169820415467564e-03
5.147803205519506202e-03
5.201120052861935364e-03
5.631114347051314334e-03
5.322373103352966844e-03
4.249205588005935431e-03
5.367772322275660840e-03
5.382551733796047538e-03
5.634050002045643858e-03
5.272043681493550522e-03
5.322081527324658973e-03
5.327010449881167120e-03
5.257646226023107716e-03
5.431535291710334196e-03
5.088497843842150654e-03
5.566019242042506872e-03
5.178283132594950315e-03
5.271368445278180014e-03
5.107778620089957131e-03
5.389837481482121287e-03
5.478719292403419136e-03
5.267663279239863557e-03
5.287578848893700369e-03
5.260720978978727057e-03
5.356168403156598076e-03
5.340484452962951378e-03
5.358662948879521978e-03
5.237533289912239994e-03
5.191944093426522147e-03
5.510136303093935047e-03
5.318576347482046815e-03
5.369014385037633799e-03
5.230824649486074535e-03
5.435904651982840195e-03
5.247116842931996358e-03
5.212896591861255167e-03
5.474036839731154236e-03
5.343629552423768102e-03
5.685910075588952381e-03
5.594739971754873233e-03
5.523877494391321238e-03
5.519981580328618687e-03
5.355696593615863997e-03
5.263779374472958399e-03
5.560756386485643868e-03
5.802811302410925028e-03
4.839083723023001812e-03
5.427267953196653928e-03
5.497711426798558912e-03
5.242320836041229268e-03
5.583108185514522835e-03
5.809223460100535440e-03
5.259272243534133563e-03
5.246555375812597156e-03
5.193208063244874120e-03
5.406187376675599364e-03
5.420730322189524532e-03
5.294176223608260644e-03
5.173458317811626545e-03
5.401954120763001639e-03
5.151299689789882140e-03
5.482739706634593216e-03
5.515219681886546384e-03
5.420621071608279669e-03
5.379540720163767525e-03
5.159544842066088148e-03
5.678220612469390624e-03
5.356269110833565723e-03
5.122567676186868396e-03
5.445755312816126341e-03
5.289206022236501124e-03
5.429362053902963767e-03
5.279481136486373349e-03
5.308141937808970832e-03
5.534620077942821979e-03
5.163105750427808734e-03
5.426897266417479195e-03
5.424936791105318401e-03
5.402558716270017269e-03
5.377988545895761967e-03
5.058658949033373320e-03
5.366523919178955819e-03
5.379178876237706609e-03
5.080419139726135257e-03
5.211370638643970932e-03
5.370672682997256787e-03
5.486116096770748615e-03
4.870938276101023125e-03
5.159473669903756089e-03
5.368395420992191393e-03
5.290965298688502655e-03
4.864852029293063873e-03
5.319980218642720443e-03
4.981903379939671070e-03
5.255151560440068925e-03
5.378966763658152121e-03
5.319014416595289896e-03
5.009131091430559304e-03
5.453605121406366989e-03
5.379096148230881440e-03
5.293084771453151344e-03
5.190712547336352560e-03
5.324591657369964065e-03
5.586200808681797240e-03
5.534653763457691653e-03
5.304155888413730237e-03
5.528803391462712609e-03
5.130719581231004030e-03
5.116740787351688885e-03
5.292127792176876816e-03
4.956123127258350337e-03
5.160661121402705144e-03
5.167735400458267798e-03
5.089371250342523273e-03
5.026161305908270413e-03
5.485798828887327762e-03
5.696581963182852960e-03
5.502309584402838988e-03
5.225681944786842760e-03
5.176285107669385648e-03
5.048705371801567518e-03
5.131663085587688695e-03
5.061654373807148062e-03
5.297806015509533284e-03
5.510118336342625239e-03
5.217329500605131717e-03
5.387450238999307549e-03
5.093321208139931118e-03
4.651160107167454268e-03
5.227163103292102250e-03
5.180679659400613639e-03
5.238407342180126727e-03
4.938389387410707307e-03
5.043295773330641434e-03
5.298075162358782848e-03
5.518464318285927830e-03
5.366830508593133271e-03
5.526350041763535524e-03
5.342657001056096838e-03
5.285703433348735471e-03
4.987830635066145026e-03
5.058634819037483889e-03
5.504868899253128993e-03
5.131976777778260966e-03
5.290413519265762220e-03
5.320367381452681399e-03
5.392123803223919203e-03
5.889885168649543201e-03
5.443716207732826953e-03
5.345045407029923312e-03
5.231085833452243754e-03
5.018812433740408273e-03
5.405198182475589273e-03
5.301586409680941574e-03
5.302281641026174684e-03
5.257787544215834601e-03
5.006527866439083006e-03
5.291204164951475095e-03
5.084609756066499689e-03
5.236847813088676452e-03
5.319766688399029698e-03
5.309009772030035337e-03
5.124589331664586127e-03
5.353754608896466732e-03
5.667555512041991608e-03
5.301026322613685247e-03
5.285921012476089455e-03
5.161076786780714049e-03
5.174881777039162280e-03
5.173088858164134538e-03
5.028012251568740772e-03
5.086235265290181030e-03
5.725744625177717380e-03
5.345151901717607075e-03
5.005058212493561538e-03
5.129766090014503677e-03
5.074301642560933960e-03
5.369498847802426679e-03
5.427977372109664758e-03
5.281385095204845295e-03
4.905633956068076659e-03
5.196996558849227045e-03
5.189674581252445504e-03
5.371415480987617834e-03
5.318283168368493664e-03
5.527363807316968899e-03
5.103899236049850956e-03
5.226767252461433921e-03
5.388010284135530577e-03
5.215638258963882327e-03
5.194066045398298623e-03
5.235096484544609144e-03
5.064495031173441020e-03
5.391367860991366952e-03
5.161372954927471307e-03
5.249587240086671033e-03
5.294551360336901581e-03
5.161172743456095627e-03
5.009410990608927083e-03
5.397799624847405588e-03
5.158981561713107435e-03
5.280155627506923945e-03
5.395958581125501197e-03
5.123275773815936726e-03
5.276123513430430734e-03
5.071713484955737289e-03
5.231900030019564357e-03
5.105268687441099316e-03
4.909648797232201226e-03
5.200431603847015076e-03
4.856212280524246569e-03
5.111818235766511960e-03
5.473407068339767451e-03
5.501434437486719953e-03
5.461813243700315394e-03
5.432391825926695048e-03
5.360247145080407165e-03
5.406582506752525413e-03
5.203846442912634339e-03
5.326501893824008710e-03
5.209431875215748443e-03
5.549107083292428681e-03
5.844286112132734273e-03
5.649873993830085636e-03
5.686804339444637493e-03
5.554535675010580618e-03
5.627115679730103175e-03
5.169333642948753180e-03
5.465034468774714917e-03
5.290752048912640559e-03
5.611022866888154374e-03
4.831357177433547555e-03
5.352704106621033846e-03
5.495746257664239041e-03
5.280751827553946572e-03
5.660991423996114026e-03
5.281358490375829239e-03
4.952061234206241863e-03
5.103163126497819134e-03
5.181231532460331586e-03
5.031540460636540341e-03
4.919010908293975325e-03
5.371903912408429980e-03
5.152600396458168613e-03
5.202935273293270504e-03
5.309591345276161618e-03
5.165524095772490963e-03
5.143889644532108688e-03
5.019822240241790176e-03
4.898312680461971644e-03
5.618367242484311255e-03
5.222527770048171307e-03
5.171106807868294797e-03
4.875899371048413727e-03
5.146329770313556699e-03
5.108723491397001125e-03
5.154923224678066573e-03
5.044907917810863285e-03
5.392840072578103557e-03
5.159568838511761554e-03
5.245452664765690685e-03
5.038936014673287694e-03
5.305075070325323064e-03
5.155062420455077191e-03
5.177626151585310553e-03
5.221532249659938639e-03
5.262059095975084137e-03
5.414873553077234787e-03
5.176142411501294741e-03
5.067894700943359650e-03
4.987770484221399833e-03
5.088403090243853212e-03
5.048943606596154564e-03
5.807217668599059732e-03
4.864115618939758405e-03
5.675634991214172954e-03
4.877693816067570076e-03
4.878993577579274210e-03
5.070667995264855829e-03
5.315813720904299759e-03
5.150413378701186248e-03
5.067098724606967225e-03
5.254739890517225523e-03
5.502848303335613860e-03
5.379753400688178956e-03
5.633826525300052353e-03
5.330406984116463874e-03
5.226860656104116189e-03
5.525570292371690707e-03
5.188278159140036379e-03
5.346700044528521732e-03
5.397947316171284628e-03
5.021374521189443489e-03
5.556610946884954147e-03
5.346600649511675310e-03
5.149871900779117405e-03
5.098381471303273238e-03
5.608724134305167509e-03
5.232051230867229563e-03
5.137971373282512397e-03
5.212422426632782463e-03
5.064486567068607337e-03
5.302587089704183416e-03
5.506608763110871878e-03
5.171989187807339225e-03
5.529400621081546723e-03
5.204369606899104245e-03
5.028627054543538012e-03
5.439178114208565590e-03
5.181400509254108569e-03
5.457735604540507081e-03
5.286428131562910006e-03
5.206384079783363608e-03
5.452678863117666613e-03
5.412621868380698351e-03
5.579265178439073332e-03
5.159051261257958411e-03
5.464476240655127132e-03
5.577375713078089499e-03
5.408031990044986741e-03
5.079402292546843743e-03
5.420920801513184027e-03
5.268289715813074398e-03
5.449859580038674683e-03
5.332083541405379344e-03
5.215104069458759845e-03
5.429182959539001485e-03
5.222045385482407959e-03
5.410582847620220258e-03
5.381388134547394030e-03
5.267127194709436862e-03
5.387905187418338786e-03
5.745322951272531856e-03
4.641434573091652964e-03
5.279943319982364006e-03
5.090520040340525479e-03
5.139858656369979822e-03
5.436358604117413722e-03
5.333305373230286944e-03
5.387647360534323498e-03
5.573973458140337595e-03
5.089377029823487393e-03
5.053082574259596879e-03
5.531759449759227933e-03
5.213971821461491248e-03
5.352119524674701923e-03
5.424293967990686041e-03
5.164916508497202977e-03
5.045058719643460109e-03
5.409757046396792071e-03
5.213396266897873076e-03
5.494858620311463687e-03
5.315436561254222557e-03
5.253544421517659935e-03
5.258721768898426754e-03
5.405681498231256453e-03
5.414643268664393050e-03
5.284851788952494613e-03
5.212963290135236294e-03
5.271201601593802216e-03
5.330319971105187613e-03
4.951344262805541102e-03
5.157002047724779797e-03
5.178126738026662262e-03
5.373835632437297394e-03
5.489895074889733148e-03
5.226692819935664300e-03
5.286780299872585569e-03
5.403966425803605547e-03
5.184031594700542686e-03
5.217698855566170642e-03
5.562814009168982540e-03
5.220073678211278358e-03
5.202060631186305149e-03
6.243918087551952878e-03
5.209201445070068583e-03
5.357935421684174859e-03
5.387710577370457415e-03
5.494437524522404262e-03
5.447004242483628744e-03
5.334459820286839050e-03
5.230724971611706853e-03
5.418194661750792493e-03
5.267871751507047923e-03
5.535560449335918433e-03
5.398319356512065910e-03
5.569242409277107286e-03
5.373799643860100068e-03
5.371313341217306969e-03
5.258991860746744899e-03
5.183532591663092028e-03
5.155415765346642830e-03
5.392082292641634314e-03
5.283123091543698649e-03
5.058313342612649234e-03
5.254068469425240626e-03
5.508783621818475786e-03
5.510545177008954743e-03
5.235210908187556966e-03
5.186093781145321296e-03
5.355042871330963072e-03
5.162683192950119800e-03
5.248567338166044635e-03
5.016428305170875408e-03
5.265772293084810922e-03
5.233525817513728744e-03
5.311475092490637942e-03
5.647167291958281148e-03
5.464858634377053014e-03
5.474828850820692705e-03
5.282973664484296415e-03
5.252236485363245659e-03
5.452315997023771815e-03
5.623193585273124524e-03
5.090782988146253484e-03
8.087537906804382129e-03
5.206131261198706887e-03
5.209676993145230008e-03
5.378640185422052349e-03
5.518147771720126327e-03
5.169431582318543585e-03
5.527629938738756916e-03
5.241085279896451864e-03
5.239604010615024621e-03
5.181560241684749456e-03
5.279401543010448644e-03
5.228881335153182444e-03
5.516476573156400137e-03
5.421414568174509445e-03
5.134821531061309861e-03
5.181297222094028571e-03
5.313809377138294619e-03
5.161689478588523533e-03
4.958092143380604146e-03
5.115536707120281121e-03
5.144684438400395042e-03
4.948779860585055847e-03
5.366371714205763963e-03
5.370181017236987792e-03
5.642962958004111435e-03
5.313857785020545052e-03
5.530581674481662054e-03
5.288351564310114425e-03
5.494985084896763204e-03
4.997700319925770657e-03
5.210682664466511661e-03
5.447513404506889971e-03
5.354337934693515974e-03
5.194400832511080097e-03
4.988500120994403611e-03
5.188119421110017233e-03
5.175345483645892031e-03
5.312270916371564580e-03
5.224100679571596663e-03
5.511201933197689556e-03
5.257998685887201908e-03
5.969130964953273111e-03
5.371725053290250622e-03
5.195199106288669010e-03
5.440568037229019140e-03
5.279382940088898218e-03
5.389946128841660057e-03
5.389861678236257218e-03
5.126539717896679005e-03
5.187267120481441410e-03
5.051292764039053140e-03
5.132246368256014254e-03
5.833987978339379675e-03
5.733274693507564752e-03
5.219483734456778837e-03
4.992408564741255758e-03
5.371876954689132691e-03
5.464559223258364830e-03
5.642811880694629384e-03
5.106342680515022631e-03
5.149523541223835314e-03
5.492308645261597191e-03
4.895634100954790804e-03
5.421618266055474103e-03
