8.792073085706132371e-03
9.235162187800965636e-03
9.173609972911873564e-03
8.819448498701299571e-03
8.965873726218960907e-03
9.508762754349359483e-03
8.930869500257388599e-03
9.085235177616769048e-03
9.119710372227939066e-03
9.668081031779320739e-03
8.474146400388330239e-03
9.433978715777441640e-03
9.579765851133755991e-03
9.207594228575531267e-03
9.236173915835439036e-03
9.673239677827395050e-03
9.512908612188555532e-03
8.935228442806211757e-03
8.862308532876131406e-03
9.071521542519202230e-03
8.916806726812638931e-03
8.809560847907238479e-03
9.125821901062810410e-03
9.499444231280830542e-03
9.306889802971934217e-03
9.510604569859486615e-03
1.042396025589819274e-02
9.342743853030608531e-03
9.072467697710624376e-03
9.331820466984866794e-03
9.414084916364206385e-03
9.035581781438577903e-03
9.439675876198348053e-03
9.072312952449694545e-03
9.313906923539798724e-03
9.075699569269738559e-03
8.994328064491706465e-03
9.352746098615473749e-03
9.779875525027332747e-03
9.334841467099714782e-03
9.535017155815792358e-03
9.339279390381045876e-03
8.592974286404049533e-03
9.409362359321606431e-03
1.012777330771019377e-02
9.089783900529104996e-03
9.132702463258233344e-03
9.370823258208042100e-03
9.110077189644179979e-03
8.699793596260411641e-03
9.615229860517531674e-03
8.550416647655689414e-03
9.009496610506899025e-03
8.881940781075781804e-03
9.441241782918333852e-03
8.901033145731492013e-03
9.475212901036620533e-03
9.998401922635742622e-03
9.791016962966390264e-03
1.060811424795358136e-02
9.101713687859855004e-03
9.417980401622854172e-03
9.982603874676950276e-03
9.534248744975689152e-03
9.727260781369650999e-03
9.692995257405750617e-03
9.124700997875198616e-03
8.985597605235644270e-03
9.171870274402820281e-03
9.564516793659175176e-03
9.053659449360176165e-03
8.824836917282986512e-03
9.808234155446593841e-03
8.828200180705245495e-03
9.316502541883434768e-03
8.827457403806845959e-03
9.201148142058126686e-03
8.994768350263854587e-03
1.006989297287672405e-02
1.010944617427138661e-02
9.826030297176149494e-03
9.654676009764828759e-03
9.219911127859596947e-03
9.889986710460511518e-03
9.354379037738379601e-03
1.030003578272977068e-02
8.760925292943078785e-03
9.450627840323404250e-03
9.463181545726524063e-03
8.943476035867389470e-03
1.017735398767338241e-02
8.335107968449221444e-03
9.431500776565720362e-03
9.684646959601514449e-03
8.811806277397219930e-03
9.593193984113637662e-03
9.468482214237296593e-03
9.948234875134649019e-03
9.217254478745806265e-03
1.037355479964189794e-02
1.001808729957204616e-02
9.810896841056827855e-03
9.847513845615923217e-03
9.215068727917986174e-03
9.254043023575353466e-03
9.059538602424766982e-03
9.716162061837512950e-03
9.918610818425512704e-03
9.148956346013132832e-03
9.031594030347813232e-03
9.435147391613848619e-03
9.224537207454799534e-03
9.480705191132749246e-03
9.411850504944455423e-03
9.116006340632285682e-03
9.455015320156110598e-03
8.986064273880300587e-03
9.579455887615639584e-03
9.430351246566015880e-03
9.630784292815415884e-03
8.341069547630981795e-03
9.691626055035445012e-03
9.163183429555752171e-03
9.384909940314503651e-03
9.371330180469294654e-03
9.459807439761425824e-03
9.238723187507656004e-03
9.157802577862085916e-03
9.275116818425601511e-03
1.007085686735561397e-02
9.246519596075187392e-03
8.655367593426234116e-03
9.579533455632331662e-03
9.518273311669142589e-03
9.198236826552300821e-03
8.890959436802443536e-03
9.716003074538464776e-03
9.479520781783901465e-03
9.400473809878783296e-03
1.001170044614749927e-02
9.573019589871865215e-03
9.314320556057232442e-03
9.260757829675919650e-03
8.769354319649013893e-03
9.333706140873256410e-03
9.625505583996277897e-03
9.298224528493541363e-03
9.623013863368336598e-03
9.472149185278647479e-03
9.381721208558803024e-03
9.402269207867608100e-03
8.688757742815461996e-03
9.816236973009680525e-03
9.958419026974585364e-03
9.621478843811459222e-03
9.496377895742888139e-03
9.769669312417543147e-03
1.057253247877097506e-02
9.474964644826533097e-03
9.479814448664832319e-03
9.399581926967395806e-03
9.659230192452282829e-03
9.467182609441288435e-03
9.266110890943549117e-03
8.934582302430724501e-03
1.021703514683438077e-02
8.707946814241744604e-03
9.430456423756878800e-03
9.962789428872298458e-03
9.634749924879726368e-03
9.678875721796742146e-03
9.462291486527284884e-03
9.320059919693906431e-03
9.978923011403731044e-03
9.786998279154529232e-03
9.227561328606729077e-03
9.613013190597249902e-03
9.637072305619675400e-03
9.433507457920048064e-03
9.446510620498971625e-03
9.488960536132545753e-03
9.005170797336006089e-03
9.419745529342556101e-03
9.653608845413759118e-03
9.098021879581891236e-03
1.008358077849163398e-02
9.818891161790138308e-03
1.017646021969896911e-02
1.043557339205047202e-02
8.904408542205193011e-03
9.194450206047364779e-03
8.611686240993763480e-03
9.696728044192524584e-03
9.635696011583171072e-03
1.007034519741577608e-02
9.044760001709483896e-03
8.853720910079044062e-03
9.744004254220769989e-03
9.055492938770665426e-03
9.602549588672347133e-03
9.303109975686393168e-03
8.929597497584162297e-03
9.355662395816644050e-03
9.696846150535030906e-03
9.527010720403666227e-03
9.238142383310691749e-03
9.031606407975414919e-03
9.134437920303254202e-03
9.668568935925655333e-03
9.655454680950257065e-03
9.865782263742064670e-03
9.436924275504757209e-03
9.119156089498267961e-03
9.177816582560911068e-03
9.582523482541098134e-03
8.926256600699069080e-03
9.310202287634777168e-03
8.926417416533806437e-03
9.746621485206947988e-03
9.338757604483501062e-03
9.288080345775938038e-03
1.062064870281451828e-02
9.180065323843590239e-03
9.436264591438847313e-03
9.107589331112497799e-03
9.080638015884497094e-03
1.008150007797534338e-02
1.004776103021280675e-02
8.824154608070585923e-03
9.319701751451078126e-03
9.885193026836819677e-03
9.919956991992705600e-03
9.361584266423065084e-03
9.550949961601884475e-03
9.542763216594984249e-03
1.008561605626125818e-02
9.130520626229338826e-03
8.830630498074859905e-03
9.433469145819155244e-03
1.021523506975407364e-02
8.947280400482380061e-03
9.865846343879018307e-03
1.013862663403388917e-02
9.089536060656782171e-03
1.003965215466907750e-02
9.082598272872116282e-03
9.229535872475472594e-03
9.062442430122920334e-03
9.861293313149244524e-03
8.881345290420800814e-03
9.101392717529577236e-03
9.844492102790121726e-03
1.035237223603115847e-02
1.019977835551467461e-02
1.029532010773882497e-02
9.698097160065834860e-03
9.274952200433592836e-03
8.840220332763265923e-03
9.932556349082332856e-03
9.108500802270363267e-03
9.528845682310181642e-03
9.811242093563567884e-03
9.198697751771190909e-03
9.436943709892691226e-03
9.793495698770119176e-03
9.837258781666214161e-03
9.746911613673133606e-03
9.017716717730096115e-03
9.546281903649353473e-03
9.864880840699561532e-03
9.236024548781472318e-03
9.102330836874528500e-03
8.969035409157400870e-03
6.322175741933526959e-03
9.375347164227439828e-03
9.614614915047548643e-03
9.092258381394090552e-03
9.249609890137762760e-03
9.884532944521325429e-03
9.421622237246645229e-03
9.464781638218252788e-03
9.585840840883852118e-03
9.333192828232248980e-03
9.089225684347319520e-03
1.003037190431651550e-02
9.621424878526397412e-03
9.337076194105052920e-03
9.780250115911907557e-03
8.717196083654420169e-03
9.344977055958663889e-03
8.511728297408840266e-03
9.301628682792877079e-03
9.269637211072474445e-03
9.374971468559643514e-03
8.784948928486403102e-03
9.812198350517368009e-03
9.507968059846608894e-03
1.021037062290283681e-02
9.310756182116153648e-03
8.718812373003575339e-03
9.180716900009051884e-03
1.033388391257039109e-02
9.383380546919129969e-03
9.128642393769792127e-03
8.902770520590066669e-03
9.680107944726876884e-03
8.978496236488667931e-03
8.519865275582112416e-03
9.006601118460067640e-03
9.633657635090865645e-03
9.581450832312101221e-03
9.226676195558121407e-03
9.071525697874265742e-03
9.294917564660413675e-03
9.399848955387684474e-03
9.426800484538646122e-03
9.771938127491027262e-03
9.301323491250712214e-03
9.161549387354304616e-03
9.214830547445632472e-03
9.411755789686565218e-03
9.216753966582048180e-03
1.009570385865779345e-02
9.097518117367104501e-03
1.011101665413005439e-02
9.514864819074311461e-03
8.429695211431964888e-03
9.937717028281894613e-03
9.956758615049545597e-03
9.161970299154569355e-03
9.051617238739366467e-03
8.782831718197691914e-03
9.031578086164351871e-03
1.010623584181880551e-02
9.570138473738228069e-03
9.218667718059146698e-03
9.468914879383463767e-03
8.521326680049248758e-03
9.760857630716497646e-03
1.008003021029536296e-02
9.268626155497309768e-03
9.147732267040201148e-03
9.212039917777832890e-03
9.033198692171798272e-03
9.413894528779264206e-03
9.097329461860523270e-03
8.897291134616262462e-03
9.679236145048706469e-03
9.165683335508193266e-03
9.999847747550574470e-03
9.013821299165471895e-03
9.210027835962203077e-03
9.726523258257816981e-03
9.284222379833203045e-03
9.670874445717226459e-03
9.970452539254850283e-03
9.395984860768036295e-03
1.002638743093347759e-02
9.687924878594504977e-03
9.452530677060111755e-03
9.238420333713720511e-03
9.680628383662168157e-03
9.397183299115839661e-03
9.795911133517588507e-03
9.245312096904965277e-03
8.872174401034344654e-03
9.717752784562121507e-03
9.190245550551031511e-03
9.920580630463258012e-03
9.209367352771011608e-03
9.615845255566825983e-03
9.688728164733597173e-03
9.688578193099275926e-03
9.327085844796535394e-03
8.910706497734299097e-03
8.977388164655229763e-03
9.426713711849955477e-03
9.354296248943436837e-03
9.195835464708850687e-03
8.964823808497867849e-03
9.791189125423748266e-03
9.941653754959473357e-03
9.344063009686390253e-03
9.391954480743775618e-03
8.985812026449534543e-03
9.564953312683624823e-03
1.098986265383684359e-02
9.667511003229302402e-03
1.023928798731825289e-02
9.378174795337514136e-03
9.728375161677306135e-03
9.679385151344338523e-03
8.968914771005823128e-03
9.570026365726376841e-03
9.222816511458249017e-03
9.920562737208277887e-03
9.735908265229518618e-03
9.237115166772967567e-03
9.116887445369202189e-03
9.604484051710587139e-03
9.719947243510572432e-03
9.640877997076423983e-03
9.608322180337715984e-03
9.237598562261591095e-03
8.740839407658764632e-03
9.752209246463455078e-03
9.325992815463823166e-03
9.690288185750128847e-03
9.999015981957789373e-03
8.706202787789243253e-03
9.600014345991806849e-03
9.320361113278462228e-03
9.037488481590645606e-03
9.641238304254725472e-03
9.542899039187417720e-03
8.797312639872356330e-03
9.309642793206118760e-03
9.946054993725089374e-03
9.792482524542352185e-03
9.796732883063123329e-03
9.843943293002675038e-03
8.816385387673526461e-03
9.262387475294906261e-03
9.223047962307492215e-03
9.411481911621451257e-03
1.015587468883359656e-02
1.018242465668388851e-02
1.000430461257150773e-02
8.813390051461133037e-03
8.885339451755380411e-03
9.626282398646223565e-03
9.102128307813111066e-03
9.752712419385059853e-03
8.662317978773136432e-03
8.706603576568267347e-03
1.032454427300427517e-02
8.968267454361614557e-03
9.511967631349361324e-03
8.867831146731845054e-03
9.565356445763917650e-03
9.717239079923455786e-03
1.021992909539655089e-02
1.005583344550411984e-02
9.439426418163384888e-03
9.104226897907598953e-03
9.077224434905349637e-03
1.017118955499274335e-02
1.006738237442284488e-02
9.194741949337168971e-03
9.837194973680527324e-03
9.869943803116747530e-03
9.282122850986451734e-03
1.000014371014627985e-02
1.031547617608257437e-02
9.750879166500765055e-03
1.010187271576385229e-02
9.216226354450190658e-03
1.106789511398498412e-02
1.003612777003601124e-02
1.045102298264104050e-02
1.071007187687678282e-02
9.267181856204608284e-03
1.002512635404219019e-02
1.009154708213647923e-02
1.053543169868990416e-02
1.061946562917377365e-02
1.033775016268848740e-02
1.007483337933505994e-02
1.059959466853752953e-02
9.463406555774640447e-03
1.030000659033555518e-02
9.765472612242072012e-03
1.013750452269932337e-02
1.025625297908384914e-02
9.995375589892559198e-03
1.074287435739813487e-02
9.445859557984664576e-03
1.072255346132033535e-02
1.038846551987406865e-02
1.023546327952680988e-02
1.029366982139969140e-02
1.018765706690193465e-02
1.070524840698311962e-02
9.904171452440786033e-03
9.791384384331698609e-03
9.727700690288949847e-03
1.068969457480072049e-02
9.826958183011094347e-03
1.004177186936450715e-02
1.033969254126451687e-02
1.022007190337201679e-02
9.852532372838338978e-03
1.024126151212144745e-02
9.865817354356690508e-03
9.944343888522754957e-03
1.007139878246360309e-02
1.013136450428368113e-02
1.002392558820382196e-02
9.487094633888288817e-03
9.543709475352728580e-03
9.359773635843057077e-03
9.784311523538237465e-03
9.795086917246139877e-03
9.600440150961822919e-03
9.590651434515344229e-03
9.710212009009080991e-03
1.030348299593376697e-02
1.059606573350657492e-02
1.042502952869209416e-02
1.033263784083354384e-02
9.680413339520308261e-03
1.098671901819899335e-02
1.021390220920897519e-02
1.010494375081385024e-02
9.707011450380298792e-03
1.002680541657035782e-02
1.032218030853405966e-02
9.799121096180737900e-03
1.100586030761579667e-02
1.042869539422842766e-02
1.010868652245784823e-02
9.181366027175648717e-03
9.699741936640826970e-03
1.024742478620562121e-02
1.050615095298888108e-02
9.858143763353610992e-03
9.762284689687596509e-03
1.009414012658889012e-02
9.803268701812308319e-03
9.656166575771835472e-03
1.120185959241103320e-02
1.021959418829999737e-02
1.020220832990791429e-02
1.014034863319719822e-02
1.021574506415154869e-02
1.018234323936603909e-02
1.018378835542271474e-02
8.722925064506238321e-03
9.499144753371451325e-03
9.978684721426279644e-03
1.000528589290106130e-02
9.581895691266949927e-03
9.273484972962162468e-03
9.740395431186954847e-03
9.831697247571749912e-03
1.026716234654464696e-02
1.011503692545028671e-02
9.711768298552758000e-03
1.045137920684251730e-02
9.714292728586575859e-03
8.829197798937591865e-03
9.785787181879746291e-03
9.346859930075933701e-03
9.556687475759519795e-03
9.802054310721777450e-03
9.965631773442288482e-03
9.883034513300626572e-03
1.002110751727342680e-02
9.269303120517404654e-03
9.582731080841424415e-03
9.425535952202607204e-03
1.047720168772912561e-02
8.626711935201598902e-03
9.384739862758261983e-03
9.595980687238579027e-03
9.315082505856317474e-03
1.112712218119132034e-02
1.033926412176335539e-02
1.036314807969593646e-02
9.552690485865510117e-03
9.332456005168038998e-03
1.013532251889465857e-02
1.019031040460071508e-02
9.877162846495899512e-03
1.042547455827680207e-02
9.257332843066406677e-03
9.461677230799695262e-03
1.021192770851975067e-02
9.615646784557067145e-03
9.482913309899403814e-03
1.023255547157558669e-02
9.618503562895482431e-03
9.151292841680140622e-03
9.840699228357105421e-03
9.388891320372716107e-03
9.551633064868329803e-03
9.647394563831339365e-03
1.058720440042629565e-02
1.120096958605085007e-02
9.505356451754239447e-03
9.973405604468309898e-03
9.469817583066334962e-03
1.054896650174902070e-02
1.026642263837688682e-02
1.016047071215709155e-02
9.736554590693433098e-03
9.614181890065064476e-03
9.296471898168108192e-03
1.066901631776718401e-02
9.582258500818759475e-03
8.971986483602197721e-03
9.726809293720151822e-03
9.526634971433150037e-03
9.868179410497272819e-03
9.421107762713763420e-03
9.568540530407135258e-03
1.030895998845953940e-02
9.652236126346002906e-03
9.662528028099328509e-03
9.627049578595212043e-03
9.419009010662988610e-03
1.015618989320725592e-02
1.015455914535363241e-02
9.566891938459111747e-03
1.014294848988559622e-02
1.009814675003343348e-02
9.017731628555363324e-03
1.041680992059599610e-02
9.500032611710968605e-03
9.649678857579046046e-03
9.341025421770916132e-03
9.378388805574403714e-03
9.372463318127879223e-03
9.773546995412690785e-03
1.036938964668111980e-02
9.827261366930734390e-03
9.706043957554252172e-03
9.816440589399764299e-03
9.998135125485595881e-03
9.546540738062780224e-03
9.275372506350293769e-03
9.014036090664668058e-03
9.994607596497347146e-03
9.718929603147099389e-03
9.280327819076322066e-03
9.515664566679188016e-03
9.646947754376158229e-03
9.360353260819602103e-03
9.336659372340294638e-03
9.071084703912674768e-03
9.488382208637312354e-03
1.019181466957026078e-02
1.054739972558359218e-02
1.032852344701597376e-02
9.582721932675827836e-03
9.951947197278394192e-03
1.010555518243877460e-02
9.711513947791289639e-03
9.742757219929270435e-03
9.550630726039868040e-03
9.661364556063809991e-03
9.708120188815087467e-03
9.864247387398225944e-03
9.116825118230141231e-03
1.004622011177491378e-02
9.564110272956357836e-03
9.467315587615526135e-03
9.386419036011844561e-03
1.002021484354820996e-02
9.343379765366621389e-03
9.384853079211151819e-03
9.218869469462608740e-03
9.770102112262800745e-03
9.961414497098733736e-03
9.826677741873407132e-03
9.670083386233097045e-03
9.772187556998461130e-03
1.017383448814094919e-02
9.506554659732983914e-03
9.712419303289226979e-03
9.360660802165712141e-03
1.005619404087604654e-02
1.004629996089653407e-02
9.224620425315016928e-03
9.673738391729625602e-03
9.793443360171892945e-03
9.426104875568728017e-03
9.366346376230370863e-03
9.155472833749591505e-03
1.030750209456875871e-02
9.551769420743544056e-03
9.260345574968258456e-03
8.819276112512723989e-03
9.343140489031705534e-03
9.444952207749508083e-03
9.092125803117830432e-03
9.651128663023672560e-03
9.559211268116835775e-03
9.751436383161345145e-03
9.434753931856285428e-03
1.015540281256540993e-02
8.637599338602655608e-03
9.942201928478394332e-03
9.481348193659434528e-03
1.032657178700668865e-02
1.032857233498795171e-02
9.241071281040375007e-03
9.829392444132861728e-03
9.611345026069299802e-03
9.847968824911384339e-03
9.787850081632154878e-03
9.759378986754984123e-03
9.650190609374550282e-03
9.584526834287350472e-03
1.002224530702387241e-02
9.738568533958750009e-03
9.954065524358136560e-03
9.428270947422106793e-03
9.528241186686438671e-03
1.006797154272796174e-02
9.077878677235567267e-03
9.013071547862822053e-03
1.011404940405790341e-02
1.048024793510586063e-02
9.564717766680814678e-03
9.404196069653890377e-03
1.034602721033230088e-02
9.626848277647839097e-03
9.510386166473141709e-03
8.788993632541656359e-03
9.623792020849826143e-03
9.859191079550841397e-03
9.487624623669766930e-03
9.981292241182755307e-03
9.117535521558776598e-03
9.559788363230218092e-03
1.108691071122304937e-02
9.023175628730666087e-03
9.533138593113388293e-03
9.630246607405872419e-03
1.024428925422896791e-02
9.900594431022797723e-03
1.020069642561045355e-02
9.916590032596733773e-03
9.627175716335090172e-03
9.665208759591648047e-03
9.817551399836001863e-03
9.991137620689068480e-03
1.044516073125507059e-02
1.032940654790639665e-02
9.497616137244766291e-03
9.910206187843296002e-03
1.038411569754053854e-02
1.047888071620036582e-02
1.040634121751712014e-02
9.519270917804422555e-03
1.017703996928176306e-02
9.854439565979259547e-03
9.671530834710626370e-03
9.284592562222132930e-03
9.822416239621848885e-03
1.001638368244243266e-02
1.073789910235579091e-02
1.004394136372054394e-02
1.022666193617458551e-02
9.986627748654205994e-03
9.796595722887451244e-03
9.631250378531712106e-03
1.062276550693294283e-02
9.625547849998531552e-03
1.030716718420665937e-02
9.991331987372511006e-03
9.820863497514707371e-03
1.006332977444116678e-02
9.856340714577518577e-03
1.013132967092635235e-02
9.807061289402034185e-03
9.289170780239726366e-03
9.814742067160632522e-03
9.865742587057402951e-03
1.007523734179922859e-02
9.765283489826030033e-03
1.019559426103837027e-02
1.026175522524233608e-02
1.022747022232934309e-02
1.043417800871877452e-02
1.029299015179818179e-02
1.087498381217126033e-02
9.917800364965890028e-03
1.039365709079893840e-02
9.772616129572522445e-03
1.013421198677108039e-02
1.033530930625703968e-02
9.899352950235385321e-03
8.984870416364976187e-03
1.034577743012047614e-02
1.046082259776357805e-02
9.880660545849996590e-03
1.018373884257693478e-02
1.078968530273036533e-02
1.043068897552603194e-02
1.005993018710490093e-02
9.760527738578252122e-03
1.061760420399813880e-02
9.960328357248195499e-03
9.422166784018979127e-03
1.036915944399958468e-02
1.061320252541416743e-02
9.618491454150161768e-03
9.918053078017215543e-03
1.031827186888263810e-02
9.714493711148179667e-03
1.007489834455649151e-02
1.013755824368265702e-02
1.014669870463936162e-02
1.051938853507607477e-02
1.022291080620906477e-02
1.069087171656863886e-02
1.009109819721064338e-02
9.607716464482102606e-03
9.838104525285456051e-03
9.445181590728397164e-03
9.390166346799500713e-03
9.698863657748761982e-03
9.807090625138736861e-03
9.607519383314602410e-03
9.281969104364518053e-03
9.996247887734585266e-03
9.427451623754058707e-03
1.002704680931429566e-02
1.073818482489511013e-02
1.000679970432380265e-02
9.274181767818122715e-03
9.969734689480234252e-03
1.050140922654319367e-02
1.031425705729829834e-02
9.711907697793151911e-03
9.528629607370952409e-03
9.764653591944465541e-03
9.940597477866183057e-03
9.409440509416271137e-03
1.040103955178797897e-02
9.281977739802745389e-03
9.526980448952082972e-03
8.929158030491759698e-03
1.026335032030410883e-02
9.315419127761764839e-03
1.025471127305972383e-02
9.461753481631774224e-03
9.597783436063883275e-03
1.023451318756911539e-02
1.014525274234885990e-02
9.594137913395266518e-03
1.020127702623894843e-02
9.936877121851612343e-03
1.007839389671509947e-02
9.293657378989272563e-03
1.085252968515678686e-02
1.023841985639325526e-02
1.000602470105160617e-02
1.008239149353145486e-02
1.009465746762192202e-02
9.672631839693785968e-03
1.034678623120557570e-02
1.062381513803473468e-02
9.810677654287645183e-03
9.648422264659659020e-03
1.032311856451482643e-02
9.818995499050804654e-03
9.998194332896309655e-03
1.045022709424879570e-02
9.467578907559701801e-03
1.046768066167536905e-02
9.971586222620194145e-03
1.075042849107903965e-02
1.009635601182079338e-02
1.019838756119619341e-02
9.718106115807138845e-03
9.460955751182708109e-03
9.785820968323035232e-03
9.532640694516160071e-03
9.606917312365646777e-03
1.067300493602011888e-02
9.848353677880197082e-03
9.963557162676812615e-03
9.952749837339704836e-03
9.375240645100061873e-03
9.582828758607400688e-03
9.816964323205801604e-03
9.556390780235419352e-03
1.015964793286473419e-02
1.040764332900467187e-02
1.064300569112835299e-02
1.082691138973037627e-02
1.048162975017011452e-02
1.015613641416920204e-02
1.063249044902405196e-02
1.027842793088403102e-02
1.043019245453691290e-02
1.021749130425904199e-02
8.353512114278704992e-03
9.966763158656849822e-03
1.011263496389842344e-02
1.016868788265218315e-02
1.019941329773892645e-02
9.829348436125850616e-03
9.117944888269911841e-03
1.063923539594004153e-02
9.910543162888748453e-03
9.956321304941593425e-03
9.951508214259999902e-03
1.078486125878138149e-02
9.167146649417146076e-03
9.291097165919330256e-03
1.034924906785951795e-02
9.816000814884050935e-03
1.004976315570125373e-02
9.907688252087440764e-03
9.856073659584432128e-03
9.707406683310612974e-03
9.190886798264517529e-03
9.565137182822557038e-03
9.596105850139126370e-03
1.005515056257020624e-02
1.003816435219817907e-02
1.006019964749878953e-02
1.012736311518893859e-02
9.659594988008486302e-03
9.791103147600187934e-03
9.913744094725189873e-03
1.008730055617294320e-02
9.726738621664550097e-03
1.042949383259403166e-02
1.048116763025545850e-02
1.034748312498059639e-02
9.855813903699130879e-03
9.765313126266359639e-03
9.804375231237153279e-03
1.051938255718046916e-02
1.043467323321479318e-02
9.652869420618962956e-03
1.384640140961146751e-02
9.759803441477114469e-03
9.483987369322552721e-03
9.449343307692889202e-03
9.355365424116593442e-03
9.613513891818614363e-03
9.180929433170378906e-03
1.028912471538617410e-02
1.019850850749534285e-02
9.831075603428244755e-03
9.580991818729825762e-03
9.819949117373664299e-03
1.026696665668445571e-02
9.338289667286779269e-03
1.076713924607930993e-02
9.727032487217786988e-03
1.090634337054328939e-02
9.407056626271149968e-03
1.005398491863403014e-02
1.018443530725880383e-02
1.021823192985200912e-02
9.469175671008403170e-03
1.030849431564989475e-02
1.003900074866532523e-02
9.688974326650065874e-03
1.009115746452612060e-02
1.014187560278020928e-02
1.001353602483483554e-02
9.471542954465556399e-03
1.016652868857295146e-02
1.018056811205551512e-02
9.553023959397369605e-03
1.050597666506963845e-02
1.014165045660620282e-02
1.093976110664769165e-02
1.049158987201139100e-02
1.100763989201401609e-02
9.666929426719700694e-03
9.356338855079684644e-03
1.004070540059992696e-02
1.009942800978527559e-02
9.601311904406537034e-03
9.706379276106560580e-03
9.566381550536601219e-03
9.709546332673965954e-03
9.912706696337444598e-03
1.030282708061219625e-02
9.516486350175596201e-03
1.112782226207061770e-02
1.036196517959750950e-02
9.385751185847951081e-03
9.961453102205204690e-03
1.065059377182774394e-02
1.090394396060816694e-02
9.898705841133928832e-03
9.972314167092440063e-03
9.998368982959242313e-03
8.978233853764550770e-03
9.626577482590830889e-03
9.889205387874890063e-03
1.080608713121338112e-02
1.022336058026595586e-02
1.055575440903101445e-02
1.084550226590168427e-02
1.039107018638867584e-02
1.026301239175764213e-02
1.080134078130683302e-02
9.848411001659186301e-03
9.615659879730337548e-03
9.723014071107555917e-03
9.582970571035810334e-03
1.282741573345263543e-02
1.074549062435784311e-02
8.995933447835219657e-03
9.595099943111399035e-03
9.517892265042248584e-03
9.846045712323822641e-03
1.062983517520893310e-02
9.309763213387042824e-03
9.565693448479907837e-03
1.115465190656146979e-02
9.881837645050156604e-03
7.090332143110787515e-03
9.118872056110000415e-03
9.765584314273703312e-03
9.617496169679145418e-03
9.093831713758037186e-03
9.872522807772954323e-03
9.442479650079393244e-03
8.805107752931935067e-03
9.370882484076470398e-03
9.850104753028578880e-03
9.902475336356754074e-03
9.590704094695328211e-03
1.023214016836000717e-02
9.206357031377045141e-03
8.854350255424640187e-03
1.053437840822951665e-02
9.441633393708416186e-03
9.572961377878405273e-03
9.900193597543230015e-03
9.515267887961840337e-03
1.023679508580228360e-02
9.716354879520099075e-03
1.052428038073056384e-02
1.062926922349176524e-02
9.676909971195782681e-03
9.941201360555288954e-03
1.013233055509907624e-02
9.465718919784312652e-03
1.046989765680480730e-02
9.636944838387879672e-03
9.434920066646344111e-03
1.026023725843553530e-02
1.035570392998826951e-02
1.055982527929761813e-02
9.488997633373141144e-03
9.574766083561000313e-03
9.767808655378481739e-03
9.354428932935594798e-03
9.968218945148370203e-03
9.566595638237824356e-03
9.660792182496758668e-03
7.740325870696464737e-03
9.440095164471824091e-03
1.000312912493982881e-02
1.047999991636750471e-02
9.907922799498565872e-03
1.010013781026767969e-02
9.995438874023494791e-03
1.033913301350474975e-02
9.893071748258484496e-03
9.567353636375987291e-03
9.977567214054022457e-03
1.003522706511793955e-02
1.123297184075360867e-02
1.028932204581050995e-02
1.221231982626161221e-02
1.095954221519281589e-02
9.475055233946474628e-03
1.018899577389088471e-02
9.401338507116130741e-03
9.985507456572938548e-03
9.617605456580481313e-03
1.097027889600370176e-02
1.069186887995026564e-02
9.957185582087482723e-03
1.012905126180252760e-02
9.974041190635793072e-03
1.012995986818467260e-02
1.022941501505096433e-02
1.095841738637379562e-02
9.552288953738609714e-03
9.635119491114937929e-03
1.058737819992457141e-02
9.731386969939144482e-03
1.034184427709060328e-02
1.002725627156149033e-02
1.072229516782629080e-02
1.069883165433837928e-02
9.780596537226692727e-03
9.193780055569110432e-03
9.598843706194066031e-03
1.045461236536163879e-02
1.063780909611175204e-02
1.005096398681591154e-02
1.090611430196623127e-02
9.381494182938798429e-03
1.054336643906829407e-02
1.106437358502280165e-02
1.008133165376987050e-02
1.016251184241700155e-02
9.609244249079005110e-03
1.045808843939857041e-02
9.995160479139718682e-03
1.091236640092668742e-02
9.923748429580034336e-03
1.045117566803206895e-02
1.047130494546287191e-02
9.752504322779754695e-03
1.100406097454434580e-02
9.409965782591130090e-03
9.681980022904258104e-03
1.023460210109682425e-02
1.073400758990548584e-02
9.411639598602175930e-03
9.782162438720739053e-03
9.650865693865367731e-03
9.944936343708776424e-03
9.840366191488991027e-03
1.004271937907427574e-02
9.838112433290855871e-03
1.016989194761624450e-02
1.097364846643558885e-02
9.983178640528106787e-03
9.198212026011459361e-03
1.006769141513335665e-02
9.394278887805277908e-03
1.050743645588050369e-02
9.792866696194167317e-03
1.036119228625998964e-02
1.073536748936911901e-02
9.829222148947673945e-03
9.778457852973881578e-03
1.136528099743429158e-02
9.904095758425306845e-03
1.023357903515850938e-02
9.541803870567650697e-03
9.790989608017443627e-03
1.121565135148914864e-02
9.540496295230516122e-03
8.804801504209151114e-03
9.385733432235908794e-03
1.041548303704832937e-02
9.953547474442379570e-03
1.044643696528937092e-02
9.519471876860131215e-03
9.930010087003726671e-03
9.572660966899895416e-03
9.071404962663441943e-03
9.383785229900942423e-03
1.013297419407427173e-02
1.025602744493698572e-02
9.664028319597051803e-03
1.018053345377787494e-02
1.043475882037569157e-02
9.712927329363307133e-03
1.033154963857086175e-02
1.000525409867825989e-02
9.967214493659845923e-03
9.882082797534818067e-03
9.915156675486943780e-03
1.048427908527618628e-02
9.656559909211659409e-03
9.765336126224856417e-03
1.018700406096944948e-02
9.422989497047815771e-03
9.979991549887963845e-03
1.007440648998266831e-02
9.266113637881644507e-03
1.025779679248398253e-02
9.890148061289518247e-03
8.976426455853312586e-03
9.817682831755330727e-03
1.020081889621817124e-02
9.450589241774345894e-03
7.952856279169905410e-03
1.023168022951078358e-02
9.830421470392874603e-03
9.802432587727789859e-03
1.015377748876348206e-02
1.001495409178055837e-02
9.462594247206308762e-03
9.303596191157843809e-03
9.742974129443414052e-03
9.626623652939479345e-03
9.284611184833441860e-03
1.024977807388933147e-02
9.995206666833244408e-03
9.282322294694238599e-03
9.879650449996665168e-03
1.010292079113748152e-02
9.297850855448092436e-03
9.579167252776833730e-03
9.548232519986793454e-03
9.543476270512574536e-03
1.012206811016965781e-02
1.024195308351644705e-02
1.014239247276132495e-02
9.357432356880865734e-03
9.381700741803587068e-03
9.596679638597858941e-03
1.016653098568895061e-02
9.892778654618896925e-03
8.858050190563808782e-03
9.448295914679598340e-03
9.445470336887012291e-03
1.041481070559461056e-02
9.825324597949472785e-03
9.682080609890508782e-03
9.636737728629914471e-03
9.704508110227778872e-03
9.372750582681570533e-03
1.040557713068003022e-02
1.000229330684962101e-02
9.997248799588395740e-03
9.467916075739451001e-03
8.910293157133996472e-03
1.035394166425117508e-02
9.506518386372397877e-03
1.034307484693849227e-02
9.937872267344979860e-03
1.006994061029173500e-02
9.129810228548303902e-03
1.100779296104261243e-02
1.023740567369675267e-02
9.036259838945480405e-03
1.021344325818177891e-02
9.715459251897842069e-03
1.036321963773092006e-02
9.066980493216358905e-03
9.151785477455506509e-03
9.886760784019997875e-03
1.021461209463876176e-02
9.818135931885272477e-03
9.926877080871960787e-03
1.015665851566489343e-02
9.992664042315455020e-03
1.059382330136818609e-02
1.014489753703984483e-02
1.102611015937869296e-02
1.138312370344381728e-02
9.808944813074173957e-03
9.433706689612214591e-03
1.004880039721251471e-02
9.937970671428252370e-03
1.037925804154445769e-02
1.033854247993930275e-02
1.054671936906763016e-02
1.016583796084492494e-02
9.201743098325429471e-03
9.970727481369507164e-03
1.038170169918749795e-02
1.004582263680222146e-02
9.287245989551849712e-03
9.713512193969332451e-03
1.027296785816316470e-02
1.078587174979786165e-02
9.351055631733029214e-03
9.506944263987862631e-03
1.020432426529444339e-02
9.211220748896624400e-03
9.542959384033699102e-03
9.360120574121413156e-03
1.005983039369011053e-02
1.035771355698284803e-02
9.673511663357852244e-03
9.693313417733565029e-03
1.059631963464336898e-02
1.021172803294889686e-02
9.820213621121591172e-03
9.756497374239810408e-03
1.084197847778701866e-02
1.085717710622134680e-02
9.606495879006424557e-03
9.616582606763901531e-03
9.602148771795918428e-03
9.879518664548720200e-03
1.004900695296173478e-02
1.010939054859309738e-02
1.028824643335827897e-02
1.014862036568346497e-02
9.830385187513555542e-03
1.003154948556240003e-02
9.038373623841028034e-03
1.036074654304152722e-02
9.806528021428079916e-03
1.010080433091996820e-02
1.001050205755718917e-02
1.010790920462791183e-02
9.963844068306549132e-03
9.527628501475454703e-03
9.797283748168419959e-03
9.789791913278377347e-03
1.088856919630585944e-02
1.036466640026194840e-02
9.818985834924695913e-03
1.051802713091000950e-02
9.432666241637660542e-03
1.081653110659139966e-02
9.581824714310868338e-03
1.065731943762135599e-02
9.763128032312145405e-03
9.422622497444408871e-03
9.965243740865274008e-03
1.058534397945621458e-02
1.002699017717372139e-02
1.069527061785150931e-02
1.003549697480976728e-02
1.083589791758548214e-02
1.020867687664356142e-02
1.010058395239388576e-02
1.030944233795684679e-02
1.010445272804545887e-02
1.002228480921426614e-02
1.037869508892167586e-02
1.013427234361604680e-02
9.753712927110417402e-03
9.843858051263133097e-03
9.441285325141246174e-03
9.236811030968595029e-03
9.392049549370029907e-03
1.009593975507486543e-02
1.015163402021923740e-02
9.776891481833074535e-03
9.860814708588424779e-03
9.387791986084781035e-03
1.017877483190374015e-02
1.041486876079492953e-02
9.867431394930074179e-03
9.809677897526321647e-03
1.064697198731772050e-02
9.749177555599560646e-03
9.829964759450558059e-03
8.930720729040103958e-03
1.027074529361174035e-02
9.379938699350963416e-03
9.824924209905433817e-03
9.834756861492951682e-03
9.784140494940861063e-03
9.347146211824797907e-03
1.029395426661331749e-02
9.937125684298579384e-03
9.593599749089925036e-03
9.969811427700982567e-03
9.602132167800939144e-03
1.044043249361377781e-02
9.290621785987520503e-03
1.006748076099363114e-02
9.914495784857695060e-03
9.439344387292115598e-03
1.079938410864041999e-02
1.020955684998760271e-02
1.035747609300288058e-02
9.524850737202114961e-03
9.508169844691133354e-03
9.035171937436451209e-03
1.043526429752599655e-02
9.476818647821332736e-03
9.957386164643809365e-03
1.027916616567353843e-02
1.005120173935540075e-02
9.255135115228621187e-03
1.023984912300322792e-02
1.004501907996810731e-02
9.605275259279096381e-03
1.110723962411596863e-02
9.962343017763214750e-03
1.027888216957095931e-02
1.005157092692644284e-02
9.111610250369132566e-03
9.973452384265342474e-03
1.025769119703462233e-02
9.664153513546379012e-03
9.737616306420435186e-03
1.019892335868568568e-02
9.738669014575965580e-03
9.435391813148936643e-03
1.004477218532821500e-02
1.047020584621381062e-02
1.032522201659007849e-02
1.061700072557471633e-02
9.731399054208630592e-03
1.008207141566352071e-02
1.045195205601208606e-02
9.892302945377349707e-03
9.878347854307483258e-03
1.053817538591272918e-02
9.856433419753802411e-03
1.126355155537928955e-02
1.004746544235882166e-02
1.041538440217170194e-02
9.572845591271743337e-03
1.059757145652721194e-02
9.670586711037466865e-03
9.948081174078847802e-03
1.011576373813127122e-02
9.948640745966422227e-03
1.022167248454464682e-02
9.747270849329154468e-03
1.002985051273249349e-02
1.000292063334615698e-02
9.734790205929053433e-03
9.670990594919090522e-03
9.979224994966201523e-03
1.099802807726854743e-02
1.042706161795925283e-02
9.757168516369778624e-03
9.276958099599327129e-03
1.006902918554705879e-02
1.059399914980092491e-02
9.667828500085502361e-03
1.036432819817926024e-02
9.721923770609517540e-03
1.075385370750370911e-02
1.018336162846396331e-02
1.023292808518188463e-02
1.071504469721578506e-02
9.776497409152557633e-03
1.029222845822051931e-02
1.046472701744175469e-02
1.074961012306534930e-02
9.930785428398498232e-03
1.035104004945574217e-02
1.056752966148572816e-02
9.744454615159636388e-03
1.000548879228315736e-02
9.009140276766454056e-03
1.088634452831867272e-02
1.040678318696020010e-02
1.076744344019572516e-02
1.044641257187351596e-02
1.060777027271963754e-02
9.373162866080439123e-03
1.054610751171384045e-02
9.979667445362355727e-03
1.031981299021630591e-02
9.620664093549299509e-03
1.023537090086238874e-02
1.020528619810785916e-02
9.684447261928642511e-03
9.925237537146002972e-03
1.064371725560326817e-02
9.635347016892477703e-03
1.011472030104089599e-02
1.011603565884741825e-02
1.037476859907747462e-02
9.933519040198840813e-03
1.077788877153122889e-02
9.981968769506948530e-03
1.073528530202070772e-02
1.004992833348544896e-02
1.002803726227236361e-02
9.646107328211228280e-03
1.041689775641871547e-02
9.029687630733543302e-03
1.002546180767797251e-02
1.007863973306746992e-02
9.179122197321887625e-03
9.908423761974883767e-03
1.083009097165585181e-02
9.790936924347003537e-03
1.020750099840817687e-02
1.025147006533896551e-02
1.006948467763311636e-02
9.191085325331038031e-03
1.089446102855540395e-02
9.554059633438088603e-03
1.034650396530668523e-02
1.058186749937511245e-02
1.029823060806463360e-02
1.010721890110657765e-02
1.032047277451110870e-02
9.942077021196944059e-03
1.023975085828787886e-02
1.048676842420617761e-02
1.070519926251335165e-02
9.905251013138320626e-03
1.032101699782937351e-02
9.603611274475709267e-03
9.798097987481081683e-03
9.821799266313923152e-03
1.043265163522192826e-02
1.053903450270516316e-02
1.068170089515131302e-02
9.357345180488437983e-03
1.030460024219698872e-02
9.947227324387044461e-03
9.879178239624968050e-03
9.878250395147666202e-03
1.043119026803704733e-02
9.994341322010609485e-03
1.004893318376515535e-02
1.030566372902647423e-02
1.106185806407720962e-02
1.018985456791824187e-02
1.021390644053519689e-02
1.009622062802543151e-02
1.058891054925578841e-02
1.064285702873824305e-02
9.863933270693200570e-03
9.151484535383756086e-03
1.000127293066545645e-02
8.098243673462688155e-03
9.964818916642800145e-03
1.089197436532893595e-02
1.078114885530348684e-02
1.004243259588261626e-02
9.787682776470943771e-03
9.162735958909791825e-03
9.956116020364650168e-03
1.103584818868658286e-02
9.889137870798810764e-03
1.041611686168089287e-02
9.680795986951214183e-03
1.080370747516254913e-02
1.020435208345091445e-02
9.954016192118329484e-03
1.070448814855348013e-02
1.035969013716615990e-02
1.088158606824152740e-02
9.320828426861450453e-03
1.041221485511201021e-02
9.974455081549643901e-03
1.077232971820085879e-02
9.806948547809500247e-03
1.044163440512238354e-02
1.006546546934302712e-02
9.882838591954868496e-03
9.662303529435657332e-03
1.024800833078914723e-02
1.072407112812684242e-02
1.146320234031303516e-02
1.043248912413399614e-02
1.070870752598479178e-02
1.092811072862380148e-02
1.039320689942944270e-02
1.060884664106737964e-02
1.088282731357547925e-02
1.023191062554098391e-02
1.006422140088336810e-02
1.040531485831166017e-02
9.896154832670908674e-03
1.036781411164802366e-02
8.223670689211117629e-03
1.026749297990594417e-02
1.059992524824914135e-02
9.636453622456693513e-03
1.028717108334650625e-02
1.045196626869051432e-02
1.109817216241507955e-02
1.038004946153977398e-02
1.115966970127909783e-02
1.058050830918061923e-02
9.772253583042874239e-03
1.021320973989058543e-02
1.052964196833400083e-02
1.024941405111316761e-02
1.039220567436418240e-02
1.051974133253082491e-02
1.046144107026297961e-02
1.006822548377345368e-02
1.065746259446518143e-02
1.070478012970940522e-02
1.079486415542008776e-02
9.586380162802912025e-03
1.007676761690152328e-02
1.001237713668663709e-02
1.010226422484721692e-02
9.918177638763715775e-03
1.059889560001108996e-02
9.687287120348463121e-03
9.837266777810589266e-03
9.487829483629599617e-03
9.660352391400098618e-03
9.923997728427063833e-03
9.865632444592280573e-03
9.671730146121701455e-03
9.727451251871722937e-03
9.988960268959635666e-03
9.690507662981464113e-03
1.063721900915480002e-02
9.415892187578489558e-03
1.040836323350035654e-02
9.909781177250828049e-03
1.010280958256879608e-02
9.476740300168285183e-03
1.003430562893146104e-02
9.851449462601236801e-03
9.691253822417939673e-03
9.084238236208999964e-03
9.733603808244343375e-03
9.407986888875398759e-03
1.001459106247666424e-02
1.032293468457909195e-02
8.743705220372328946e-03
1.030830848803774256e-02
9.645038649319329083e-03
9.972947500609388380e-03
1.070276990702523010e-02
1.033717882818612974e-02
1.061051466153328793e-02
9.332440756332747306e-03
9.326781210599854530e-03
9.691490529387390349e-03
9.714986589986840740e-03
9.569675247657572978e-03
9.897622336158817813e-03
9.143172499625118813e-03
1.008644379356583680e-02
9.964235101369884814e-03
9.687803899827167678e-03
1.007288253383993235e-02
9.692503327735534774e-03
9.956635038218013961e-03
9.340778564766486283e-03
9.734225854493678068e-03
9.622526071575493098e-03
9.460042697874444101e-03
9.389866316940850485e-03
1.041447486299095122e-02
9.993036120245921139e-03
1.064882809825694159e-02
9.485870540284793012e-03
1.024198450172163904e-02
1.065628589731358773e-02
8.041593087859415581e-03
9.718981884792952247e-03
9.131199809836515122e-03
1.018027947245594457e-02
1.031369176640856665e-02
1.005654620929613899e-02
9.292038676591748633e-03
9.678093448629646045e-03
1.041728626439686334e-02
9.399950330821168001e-03
9.470553520311621523e-03
9.779248711008601755e-03
9.592165033964233922e-03
1.009638693123718345e-02
1.055147623448630424e-02
9.426226691314810308e-03
1.022961426188762762e-02
1.020753645613337902e-02
9.954088421132222669e-03
9.996696075460873021e-03
9.736878271225369447e-03
9.937424224233824474e-03
9.685409831883288675e-03
9.814788775177793120e-03
9.930643487150853793e-03
1.010814579785294411e-02
1.071034222217223143e-02
9.917964599700008002e-03
9.629595588538413659e-03
9.405872532525528032e-03
9.577232461030499994e-03
9.810240405847905215e-03
1.007945857555165962e-02
1.063206353234118565e-02
9.983722115971765607e-03
8.944052867027003223e-03
9.515280389523391932e-03
1.026484876575722502e-02
9.682631677451619678e-03
9.315554397392931257e-03
9.982383235335855892e-03
9.565816364474418951e-03
9.591489922445975425e-03
1.020953897199184356e-02
8.936507790233938833e-03
1.006462696433058947e-02
9.837503932693376571e-03
9.722991858843701291e-03
1.020869395329113832e-02
1.026589965689941007e-02
9.670275214599068428e-03
1.008569201974835947e-02
1.023171708094195234e-02
9.046700873890686778e-03
9.781394399535450410e-03
1.003668709625355100e-02
9.709415488267283262e-03
9.900798206333697241e-03
1.014867366859606088e-02
1.063481799582279876e-02
1.022124431593793466e-02
1.126517435360454081e-02
1.042397922218961555e-02
9.990608710703228687e-03
9.957664492749724455e-03
1.001344572800652935e-02
1.022927432616086568e-02
9.882295670881478117e-03
1.064555199874935021e-02
1.059941391561223037e-02
9.718208370956007980e-03
9.012474981564060419e-03
1.124863690652440872e-02
1.098934077665647026e-02
1.010796494912966428e-02
1.018786060421391325e-02
9.725807160098888515e-03
1.101570204576425745e-02
1.022302976521690700e-02
1.009808770778169301e-02
9.789510283358286019e-03
1.012791014166046846e-02
1.572832528169834307e-02
1.057019855096508025e-02
1.094115916245290074e-02
1.002687564890311460e-02
9.712910093599915959e-03
9.765320350423680601e-03
9.480552917091674900e-03
9.968194382259973341e-03
1.030748632825040541e-02
9.767946695527336687e-03
1.001222709094178216e-02
9.547406438727399497e-03
9.933706421059056157e-03
1.021493498060250214e-02
9.760892706768319396e-03
1.043086268523451751e-02
9.363900950578442003e-03
9.819779712140978833e-03
1.040919074597188541e-02
1.028332009366679511e-02
1.037343478953335098e-02
9.769732001885892206e-03
9.852324958849727893e-03
1.074260753411813291e-02
9.544562314092803340e-03
1.073815535362060772e-02
9.674661634289793630e-03
9.200441006171289349e-03
9.625067065818313644e-03
9.952752868325939403e-03
9.723335790501632520e-03
9.922736022672212775e-03
1.006016881381362020e-02
1.029536771516956738e-02
9.554131017253369301e-03
9.547125023504708652e-03
9.663774709130134796e-03
9.287654775596653964e-03
9.885362331348969064e-03
1.003120679583811327e-02
9.827576029577572356e-03
8.772115048076224025e-03
1.031576923722186262e-02
9.744695300657021247e-03
1.034879885909557526e-02
9.802758831450408480e-03
1.010114525545923424e-02
9.558206176201920756e-03
9.853581814961797844e-03
9.945849055329518407e-03
9.657342752887642170e-03
1.022256357939166360e-02
9.892322555354545605e-03
9.910256798146471757e-03
1.072377686856763358e-02
1.022439905685470531e-02
1.047084361603850718e-02
1.068103444524855054e-02
1.013366250017296716e-02
1.035332903264197385e-02
1.036254283437158287e-02
9.401943564770696635e-03
1.035578675090338512e-02
1.136036906061750791e-02
1.023660795598874303e-02
9.330836618230219093e-03
1.187917277952714977e-02
1.225950308290455620e-02
1.190094153349473965e-02
1.035714701070842257e-02
9.363794971816150059e-03
9.739741872415873594e-03
9.739372401213568925e-03
1.054540208224808220e-02
1.000606512514016534e-02
1.157766094522190599e-02
9.510444275990374494e-03
1.061865710615857508e-02
1.069996949323944076e-02
9.707342188856826759e-03
1.043087980158992518e-02
1.164470560980801137e-02
8.827474354393290840e-03
9.648546387390653442e-03
1.052745257805555792e-02
1.065540674335059383e-02
9.796108226919782863e-03
9.630961795873452594e-03
1.028391816920133130e-02
8.913286560591126770e-03
1.086742633236268026e-02
1.015638686018459878e-02
1.039193688523240219e-02
1.038494850579714003e-02
9.627498067750671351e-03
1.018997806134639209e-02
9.954043871266918947e-03
9.969672309041546429e-03
1.052510280483654262e-02
1.006722027836196368e-02
9.359542041869587867e-03
1.037235930861214218e-02
1.012982724739857135e-02
9.697544337290489591e-03
1.005581956649026672e-02
9.660634005653978562e-03
1.017458491627075759e-02
1.006600383514166461e-02
1.006993085491465767e-02
1.103020470068413056e-02
9.901789340405895562e-03
1.029242223132341080e-02
1.007579003892566591e-02
9.901510691860812216e-03
9.836176306256451049e-03
1.055501713890760231e-02
9.648584744267869537e-03
9.538380363499316533e-03
1.012330252398017071e-02
9.930125192781698307e-03
9.793539775572030620e-03
9.626729541587161071e-03
1.007845514227595669e-02
9.621073325066481496e-03
1.451595161326132109e-02
9.652149668027711765e-03
1.067794744772205748e-02
1.006677165773294837e-02
1.061188652788784201e-02
1.028148435717910793e-02
1.005864777734562059e-02
1.083055751314698605e-02
9.835051933660637555e-03
9.496857159248840718e-03
9.802730434126268738e-03
9.711899740607092546e-03
1.014953880849708834e-02
1.007807145674463958e-02
9.519659360967346051e-03
9.633259488926588371e-03
9.445408846362345415e-03
1.000049830984747409e-02
9.358961042629941954e-03
9.707837325033380829e-03
1.079821175637945586e-02
1.063108641392368145e-02
1.026006268736141987e-02
9.987858431800580167e-03
1.105788498523318716e-02
1.009635588517289115e-02
9.973983215563418311e-03
9.864042011245783767e-03
1.019881245776007618e-02
1.014569852275895405e-02
9.937340877735264047e-03
1.045912374095190125e-02
1.019285699028170573e-02
1.009249709129273961e-02
1.008975170791890676e-02
9.945471771674695496e-03
1.074686050330629986e-02
9.923772311233484272e-03
9.803450336831415202e-03
9.877738284790108653e-03
9.779852720726745982e-03
9.335656173010298264e-03
1.022103921699038520e-02
9.954170606925995604e-03
9.859054725288050880e-03
9.742537861960219245e-03
1.082547755310150385e-02
1.029614159186194658e-02
1.034105573540726637e-02
9.762771984196493349e-03
1.014035907656431722e-02
1.080965193097660135e-02
9.513081159152461663e-03
1.046207270087780306e-02
1.054706528322522929e-02
9.694144948133656681e-03
1.031257040237950132e-02
1.065814717863735120e-02
9.626107358335153283e-03
9.899533983028264983e-03
1.012321152379274357e-02
1.118704484803996653e-02
1.109001340602776796e-02
1.024161482585836565e-02
1.065244459645598579e-02
1.026480374881353144e-02
1.008806876349440003e-02
1.032618895476949267e-02
1.009395161755617144e-02
1.009386565725234851e-02
1.117302565778921682e-02
1.024383996151715694e-02
9.834433273814406976e-03
9.817367298135343257e-03
1.021375141107332997e-02
1.041467955864649152e-02
1.027235888710061745e-02
1.000260899710278886e-02
1.003003617540257006e-02
9.710988855664322641e-03
9.802417195488154211e-03
1.059293811331507400e-02
1.101870633910488791e-02
1.034649045025860109e-02
9.356702019137403195e-03
1.162341351947987489e-02
1.018530033954248050e-02
1.033333808721965778e-02
1.017702475233564843e-02
1.064809215730014302e-02
1.079922860601895303e-02
1.005585503557605669e-02
1.031448207459430451e-02
1.041535026296365463e-02
1.052841223130174426e-02
1.037086206150099506e-02
1.078891249787293505e-02
9.729696847729439949e-03
9.982757307062425922e-03
1.024972488898646082e-02
9.734650930791744969e-03
9.866396507173648064e-03
1.000125582750766365e-02
1.018635720820433056e-02
1.008403910593646743e-02
1.059001607055900726e-02
9.702454659557968250e-03
9.874192199944332310e-03
1.004561918755066813e-02
9.935270143536305623e-03
9.663464721681768246e-03
1.042943273594073954e-02
1.030148860536465871e-02
1.074174120625081587e-02
1.009818464145755684e-02
9.480517431171063200e-03
9.900271458022670557e-03
1.018969759409747017e-02
1.139341408347050583e-02
1.041283976258198726e-02
1.019309112076317164e-02
1.005644670924568489e-02
9.199307555686058249e-03
1.145401684750807676e-02
1.049832782300667844e-02
1.026203495929619951e-02
1.033430356008391629e-02
1.040724350964497905e-02
9.649830234089872352e-03
1.006661757788110227e-02
1.001218606755033790e-02
1.092005364397379517e-02
9.795231174115574119e-03
9.972353235682546169e-03
1.047549816168889467e-02
9.733909334720661569e-03
1.015149502939802391e-02
1.029525510548011391e-02
9.479463717366135717e-03
1.047433892993392991e-02
9.673889993777292848e-03
9.446274540530508537e-03
1.076946822075520831e-02
1.022977207916529740e-02
1.104832462652114919e-02
1.076124109515192578e-02
1.026087953609175485e-02
9.885795054695273656e-03
9.550548044158705188e-03
9.496233437825879475e-03
9.431437774968829540e-03
1.000538448712859005e-02
1.035325413656235788e-02
9.903241958046838170e-03
1.039688105626675879e-02
1.027869708773121969e-02
9.765466359317211825e-03
9.957706091532897777e-03
9.760813110076128896e-03
1.025700224627535372e-02
1.040928732062713045e-02
1.018177501854728058e-02
1.102571643286328652e-02
1.027557069369228020e-02
1.004156103455468817e-02
1.090909148125220919e-02
1.120784667903683245e-02
9.729682004211676061e-03
1.006498321205041499e-02
1.048048093392636194e-02
9.577378285245900791e-03
1.054918720497217272e-02
1.035971161906673252e-02
9.768971519975846660e-03
1.047528283781748969e-02
1.054921776077937488e-02
1.083462110885255458e-02
1.007880860871919991e-02
9.764401505630841693e-03
1.032341991942553952e-02
9.631323334891554386e-03
1.006501661638907474e-02
1.016991773457713577e-02
1.041132690686195211e-02
1.059207731407825481e-02
9.807191031621160376e-03
1.062921410632478372e-02
1.009436974970056612e-02
1.041540831164335448e-02
9.422781771898066164e-03
1.047481363008688493e-02
9.933305333055052200e-03
1.028103572743352748e-02
1.064424108207096160e-02
1.000490998109932091e-02
1.010524087299725059e-02
1.052661974811206283e-02
9.744208048252404539e-03
1.101233891945347342e-02
1.112998558445722763e-02
1.015675930555690748e-02
1.064211128048526966e-02
1.083373339866441736e-02
1.104631232377204127e-02
9.961782562259853882e-03
1.038864344495220478e-02
9.896100219275181034e-03
9.982884896108277020e-03
1.037138939584003779e-02
9.912443972187599470e-03
9.816156328530977956e-03
1.010716291377366204e-02
1.060304646019184262e-02
1.005197334729622007e-02
1.058635990391428028e-02
1.030646558247143643e-02
1.000317703429398110e-02
1.026611696959485280e-02
9.765655188644938034e-03
1.007244845726652620e-02
1.074790377757253723e-02
9.678694233867378427e-03
9.895935573434615565e-03
1.031696297785901495e-02
1.072513563126390596e-02
1.072422246625956595e-02
9.601478714647497525e-03
1.016527490413645859e-02
1.006590931466900402e-02
1.073700794882240066e-02
1.125179806311383049e-02
1.005233318290596131e-02
1.096947387532378956e-02
1.094146112451857902e-02
9.377652088427480825e-03
1.006056100185516271e-02
1.005675238940309871e-02
9.905453071473908216e-03
1.009137003666746302e-02
9.861656812078909221e-03
1.027814917430343658e-02
1.023806527379125114e-02
1.043450113427337768e-02
9.327322441206145273e-03
9.199815543550524111e-03
8.762044063041016934e-03
1.028008788355443993e-02
1.010377480164662348e-02
9.702561613790877670e-03
1.012978741298575965e-02
1.031382123140887203e-02
1.037346770724368455e-02
9.219433474921535226e-03
9.849431196818312154e-03
9.765637949789716249e-03
1.006770163522378164e-02
1.009856386253134633e-02
1.124924151398051624e-02
1.001864151115859462e-02
1.086067224981507838e-02
1.041969880498184488e-02
1.073422352461441721e-02
9.943103006917692124e-03
1.000240788657168374e-02
1.022936692668912143e-02
1.090613225360185200e-02
9.194843289158581914e-03
9.675410729838601620e-03
9.657778819127011555e-03
1.008380673839863288e-02
1.013266088931287848e-02
9.564536854619913250e-03
9.635057671983927527e-03
1.051371277680441391e-02
1.056486760255727873e-02
1.028167968534838585e-02
1.046809273550220430e-02
1.050487665638639295e-02
9.763771003259981776e-03
1.043819376491430043e-02
1.020018589575073104e-02
1.004296857092179009e-02
1.001463123104571508e-02
9.859458627895646698e-03
9.672802462715696797e-03
1.024658002959234933e-02
9.808892901545261667e-03
1.007582440040508120e-02
1.075431928177128169e-02
1.021687445616201867e-02
1.053006102723588744e-02
1.031921858218522690e-02
1.045334806267053662e-02
1.034528015188040939e-02
9.624478622048869558e-03
1.022699201345694114e-02
1.068130879588464512e-02
1.000812364439044450e-02
9.982648830384853109e-03
1.061018290274931032e-02
1.036259239770071297e-02
9.969243135405305919e-03
1.037264294711719333e-02
1.091389543991565410e-02
9.888271815429627160e-03
1.001159693171019098e-02
1.063756041150630549e-02
9.542508648397680926e-03
9.338428723402189893e-03
1.023827081137337024e-02
1.011939027184349631e-02
9.979321182283640637e-03
1.022576979004414729e-02
1.003663460214182165e-02
1.054848968506939128e-02
9.877497886455246720e-03
9.725588002236964374e-03
1.029512183799769984e-02
9.976293195168791511e-03
1.018478246207530843e-02
1.080141532476142953e-02
9.507350028050042673e-03
1.044985061765466537e-02
9.806860693531590373e-03
1.075610791653605625e-02
9.692597084060530083e-03
9.887352241658275281e-03
1.078076856328370400e-02
9.726920838280743442e-03
9.354027485553051760e-03
1.031186509599688050e-02
9.588793950771161423e-03
1.004084880889805596e-02
1.038828319488179636e-02
1.028950437405750165e-02
1.025048062803361922e-02
1.001951727221152971e-02
1.046309680673029006e-02
9.687850156423642722e-03
1.025641316909662974e-02
9.736295586965693777e-03
1.004381983505719250e-02
1.026573952036923844e-02
1.005598039121971543e-02
1.011156066357747282e-02
1.038987285788537870e-02
9.700671770175261360e-03
1.011628667154982480e-02
1.001229877251562719e-02
1.040308740315788391e-02
1.022433609487852571e-02
9.931976415714572487e-03
9.485289515162486501e-03
9.935981167106472736e-03
9.976485888697815205e-03
1.075295223577404057e-02
1.037808927985707855e-02
1.002862047874335423e-02
1.045997445821109963e-02
9.798329558149311211e-03
9.685699197541459624e-03
1.031354077726597852e-02
9.497562618813563950e-03
1.024636037432702720e-02
1.019199144247644358e-02
1.021928537114216370e-02
1.037324678541530661e-02
1.004441138073866417e-02
9.564723859343043574e-03
9.972486757962684828e-03
1.099930939797135604e-02
9.631424109584493798e-03
1.017725871116900542e-02
9.424555274429317203e-03
1.025300086188973142e-02
1.036855228318786688e-02
9.893308595884863985e-03
9.157266282948139588e-03
9.594382053846935848e-03
9.587988554357676496e-03
1.107852378815665090e-02
1.037417643414893786e-02
9.944538211398562880e-03
1.069099659065729339e-02
1.096053100134133061e-02
1.097640097131235247e-02
9.739925249599035856e-03
1.133017683791768572e-02
1.058508037147670028e-02
1.038160833839896387e-02
1.005850115160118567e-02
9.853517475512682186e-03
1.006578059709556730e-02
1.117359662146823369e-02
9.937964965428138994e-03
9.993065805019813591e-03
9.841256310470529109e-03
1.040193806440179239e-02
1.003662409248282268e-02
1.027372862487790570e-02
9.894532717157849752e-03
1.015411329321831355e-02
1.014968582553569393e-02
9.147414312423588281e-03
1.071972565560781569e-02
1.053722235081676513e-02
1.054628081679067318e-02
9.709095153732876307e-03
9.568223842703249896e-03
1.022978486179520682e-02
9.560285148090801738e-03
1.010725120158335183e-02
9.985036908107773959e-03
1.038534962956200007e-02
9.983108238656465336e-03
9.855410004502445503e-03
1.108083162947418737e-02
1.062142644815184875e-02
1.004602212497247848e-02
1.026196283569898345e-02
1.031164782114135474e-02
9.330725541569596243e-03
1.055569756391377435e-02
1.005466007201318186e-02
1.072044789449948070e-02
1.088035790794307685e-02
1.045265570349790743e-02
9.974092401590257950e-03
1.046452779217683926e-02
1.043064195844623995e-02
1.027365442707533529e-02
9.723793137886030391e-03
1.058569927227410307e-02
1.029862076261840211e-02
9.917117147209495928e-03
1.024662785582647166e-02
9.957779696546152290e-03
1.037118422128428114e-02
1.070753567506755460e-02
1.015237823017857074e-02
1.151819358448493737e-02
1.003148140608914329e-02
1.065188121356205192e-02
1.011661458766204523e-02
1.057739002988674834e-02
9.790934512391229541e-03
1.009852814487979464e-02
1.024915675078096229e-02
1.110971182645003295e-02
1.024136484681342600e-02
9.428313899342878612e-03
9.278656259906934226e-03
1.060924919242662613e-02
1.048680999659588539e-02
9.866637229697865913e-03
1.064882334573160130e-02
1.081985460629284607e-02
9.642999797604977913e-03
1.070712338486828202e-02
1.120470602747435443e-02
1.040174543941468042e-02
9.921789786467162531e-03
1.005257526021074467e-02
9.807042615482776046e-03
1.023095150309103613e-02
1.073750537707069373e-02
9.643259846212507563e-03
9.467575282210987861e-03
9.529865767492521136e-03
1.065396537776226900e-02
9.931718517872190413e-03
1.125451724654158436e-02
1.052798313506212759e-02
1.080470424016471975e-02
1.011631569749092685e-02
1.037124973254144843e-02
9.566533063872156156e-03
1.007190980596546666e-02
1.064634150855750874e-02
1.050975968303856194e-02
1.120314877274791905e-02
1.091161735402727297e-02
1.079426314531307420e-02
1.082384990786706448e-02
1.125931928448781899e-02
1.123959960241025131e-02
1.019385162687172323e-02
9.548552192412504414e-03
9.736146271128539101e-03
1.049995498267101805e-02
1.073401212841572187e-02
1.476443086106156259e-02
1.022988667661232573e-02
1.042130340597572508e-02
1.007399426860314078e-02
1.040799534785358943e-02
1.012498554736578418e-02
9.996906405485866953e-03
1.134774164859264113e-02
1.009141223539088139e-02
1.055372321294489706e-02
1.046058561874648948e-02
1.044503641102637742e-02
1.003347348825515614e-02
9.970772288140958284e-03
1.022119506882592996e-02
1.083439276535958819e-02
1.066202646641669846e-02
1.044913354380320666e-02
1.079964522337102488e-02
1.058690867008969631e-02
1.069475867337587108e-02
1.094511366403847635e-02
1.020422467988395254e-02
9.809019446772499623e-03
1.075544824335392634e-02
1.046384988476745451e-02
1.044132229079421451e-02
1.078742763257417234e-02
1.036190200435249675e-02
1.148280067132273138e-02
1.084775136136732418e-02
9.681074483536292186e-03
1.022242559375337485e-02
1.071560236918074789e-02
1.083000523661589720e-02
1.063447071842219156e-02
1.084290118193919662e-02
1.062560202461621146e-02
1.037741417100870173e-02
1.159830339921388322e-02
1.026762797479387028e-02
1.047507258290502480e-02
9.749066658892668533e-03
1.054217154222619225e-02
1.036644612569993275e-02
1.113146427426575484e-02
1.026759925521020071e-02
1.060173438106607607e-02
1.024218557142331752e-02
1.103360156815936209e-02
1.018692415253317531e-02
1.045170748179423577e-02
1.067805023503364849e-02
9.590708626464718514e-03
1.063257454297178092e-02
1.114212646045602099e-02
9.962794762642055921e-03
1.001754475993112473e-02
1.047325503562429594e-02
9.602688674650507183e-03
1.073519994175524232e-02
1.018247093599948354e-02
1.012942267147382697e-02
9.316518813525702727e-03
1.037466884627246191e-02
9.837817672655738838e-03
9.719662621765479821e-03
1.114013036498700399e-02
1.096697246660410623e-02
1.003174767484290610e-02
1.042234184431326330e-02
1.017898193547583409e-02
1.056690598975756207e-02
9.233222578298127398e-03
9.384418868007889797e-03
9.713056835580316170e-03
9.809819459167619729e-03
1.079922812353079249e-02
9.896106951840651436e-03
1.012336996727285221e-02
1.067608355602398321e-02
1.096831227394230723e-02
9.983768061826627654e-03
1.050112951411440697e-02
1.011882288138580416e-02
1.016067163402256321e-02
8.741052647333224374e-03
1.043038611641889692e-02
1.085262128254106326e-02
1.048659251448660033e-02
9.507744111627349989e-03
9.516205082510073229e-03
1.006873599565020171e-02
9.820131111355621945e-03
1.027728610251348040e-02
1.077672228683868548e-02
1.086136141699462279e-02
9.501597072356413043e-03
1.076304204198464017e-02
9.524590766550463175e-03
9.623826844579614834e-03
9.836191995021035389e-03
9.953528790647635585e-03
9.929626332031598820e-03
1.063071605894731243e-02
9.798076908322184142e-03
9.419850920573687170e-03
9.255119317383323635e-03
1.032993134737764281e-02
1.065027028733015087e-02
9.119126050923949053e-03
9.984910617581105666e-03
1.019802017173682650e-02
1.008993097764302078e-02
9.420310137226379013e-03
1.007358931607239654e-02
8.691935055534566121e-03
9.310220409757678436e-03
1.048684417654520244e-02
1.002306516273959204e-02
9.880524950210028620e-03
1.066537777175021254e-02
1.045416954663340448e-02
9.712124698914064574e-03
1.098296631339078407e-02
1.049582802184979152e-02
9.958652463787831186e-03
1.116148247876421612e-02
1.007635113347777299e-02
1.000965593953965713e-02
9.598727488702845159e-03
1.092407161294306657e-02
1.030991747352729554e-02
1.053821890337162080e-02
1.026871460481849213e-02
1.051703819046379169e-02
1.052199304615321872e-02
1.013689879238791926e-02
9.179603772797050032e-03
1.011219992600056149e-02
1.018502651297899762e-02
9.775529290794733595e-03
1.110560672836149662e-02
1.020499721400066999e-02
1.080264788754305323e-02
1.019639238300640814e-02
