1.701972650038733959e+09
1.701972651459330082e+09
1.701972652848133087e+09
1.701972654059793949e+09
1.701973187854512930e+09
1.701973189612965107e+09
1.701973191369760990e+09
1.701973192090363026e+09
1.701973265125430107e+09
1.701973266434253931e+09
1.701973267741761923e+09
1.701973269048681021e+09
1.701973269924137115e+09
1.701973330586415052e+09
1.701973331992654085e+09
1.701973333384710073e+09
1.701973334811588049e+09
1.701973336226352930e+09
1.701973337660722017e+09
1.701973339100773096e+09
1.701973340492111921e+09
1.701973341885059118e+09
1.701973343132599115e+09
1.701973402187136889e+09
1.701973403854453087e+09
1.701973405522958994e+09
1.701973406213344097e+09
1.701973454253477097e+09
1.701973455980870008e+09
1.701973457685466051e+09
1.701973459352262020e+09
1.701973461019973040e+09
1.701973462741988897e+09
1.701973463802637100e+09
1.701973480562395096e+09
1.701973482318327904e+09
1.701973484068053961e+09
1.701973485756830931e+09
1.701973486338104010e+09
1.701973515217267990e+09
1.701973516921189070e+09
1.701973518603338957e+09
1.701973520273247004e+09
1.701973521941385031e+09
1.701973523678122044e+09
1.701973525432651997e+09
1.701973527184770107e+09
1.701973528935494900e+09
1.701973529996167898e+09
