20 29.60571289062504
40 16.14624023437497
60 19.77416992187492
80 25.468749999999957
100 31.346435546874947
120 37.30957031250003
140 43.26904296875014
160 49.25048828125006
180 55.29418945312499
200 61.15112304687497
220 67.16308593750017
240 73.09326171875014
260 79.14184570312496
280 85.21240234375018
300 91.27197265625003
320 96.99218750000016
340 102.93823242187509
360 108.90625000000001
380 114.8828125000001
400 120.83251953125021
420 126.78833007812516
440 132.75512695312506
460 138.69873046875003
480 144.65820312500014
500 150.6835937500001
520 156.6845703125001
540 162.69653320312517
560 168.82324218750006
580 175.0085449218751
600 181.34033203125017
620 187.1191406250002
640 192.9064941406252
660 198.80859375000017
680 204.64233398437514
700 210.9411621093752
720 216.81396484375014
740 223.1921386718752
760 229.01245117187514
780 235.34667968750017
800 241.2597656250002
820 247.62939453125023
840 253.45825195312523
860 259.31396484375006
880 265.6335449218747
900 271.54663085937483
920 276.97021484374983
940 283.0151367187498
960 289.07226562499983
980 295.05126953124983
1000 301.0449218749999
1020 307.09472656249983
1040 313.0908203124998
1060 319.0966796874999
1080 325.15869140624983
1100 331.1108398437499
1120 337.17773437499983
1140 343.2458496093749
1160 349.2565917968749
1180 355.27832031249983
1200 361.3293457031249
1220 367.2998046874998
1240 373.31176757812483
1260 379.3457031249999
1280 385.3637695312499
1300 391.3867187499999
1320 397.42309570312494
1340 403.4020996093749
1360 409.4348144531249
1380 415.43334960937494
1400 421.4538574218749
1420 427.4572753906249
1440 433.5827636718749
1460 439.56665039062494
1480 445.648193359375
1500 451.51000976562494
1520 457.579345703125
1540 463.57543945312494
1560 469.62158203124994
1580 475.56884765624994
1600 481.68945312499994
1620 487.601318359375
1640 493.84399414062494
1660 499.857177734375
1680 505.88256835937506
1700 511.800537109375
1720 517.796630859375
1740 523.802490234375
1760 529.91455078125
1780 535.67626953125
1800 542.027587890625
1820 548.50341796875
1840 554.0808105468751
1860 560.6323242187501
1880 567.2106933593751
1900 572.5207519531251
1920 578.1225585937501
1940 583.338623046875
1960 589.691162109375
1980 595.3967285156251
