0 154.74609375000009
1 154.74609375000003
2 154.6679687500001
3 154.58984375000017
4 154.42871093750017
5 154.23828125000006
6 153.99414062500014
7 153.75976562500006
8 153.4179687500002
9 153.0761718750002
10 152.65625000000014
11 152.17773437500014
12 151.65527343750017
13 151.10351562500023
14 150.51757812500009
15 149.90722656250003
16 149.1992187500002
17 148.4423828125001
18 147.7441406250002
19 146.87988281250009
20 146.0595703125
21 145.12695312500009
22 144.23339843750017
23 143.19335937500017
24 142.16308593750006
25 141.09863281250006
26 140.0000000000001
27 138.85253906250017
28 137.62207031250006
29 136.4208984375001
30 135.1660156250001
31 133.82324218749997
32 132.46582031250006
33 131.06933593750014
34 129.60449218750014
35 128.1689453125001
36 126.65039062500011
37 125.11230468750009
38 123.52539062500007
39 121.88964843750017
40 120.21972656250001
41 118.5498046875001
42 116.8359375000001
43 115.05371093750017
44 113.26171875000004
45 111.42089843750014
46 109.6093750000002
47 107.67578125000018
48 105.72753906250018
49 103.8281250000001
50 101.81640625000018
51 99.77539062500001
52 97.7734375
53 95.69335937500001
54 93.58886718750014
55 91.47460937500013
56 89.36523437500001
57 87.1386718750001
58 84.97070312500001
59 82.7099609375001
60 80.47363281250009
61 78.20800781250006
62 75.8984375
63 73.54980468750014
64 71.26953125000001
65 68.89160156250001
66 66.49902343750003
67 64.09667968749996
68 61.669921875000064
69 59.24804687500007
70 56.7919921875
71 54.29687500000002
72 51.8505859375
73 49.34570312500003
74 46.83105468750004
75 44.27246093749998
76 41.72363281250002
77 39.19433593750007
78 36.61621093750001
79 34.06250000000005
80 31.484375000000036
81 28.925781250000032
82 26.32324218750004
83 23.75488281250007
84 21.123046874999968
85 18.52539062500003
86 15.859374999999954
87 13.28613281249999
88 10.649414062500002
89 8.027343749999943
90 5.43457031249997
91 2.7929687500000133
92 0.1269531249999678
93 -2.4560546874999867
94 -5.102539062500022
95 -7.719726562500057
96 -10.317382812499943
97 -12.944335937500023
98 -15.546875000000071
99 -18.16894531249996
100 -20.77148437500001
101 -23.305664062500064
102 -25.878906250000057
103 -28.461914062499982
104 -31.0205078125001
105 -33.559570312500036
106 -36.13769531250002
107 -38.60839843750002
108 -41.064453125000036
109 -43.627929687500014
110 -46.09863281250009
111 -48.56933593750004
112 -51.044921875000064
113 -53.47167968750005
114 -55.883789062500135
115 -58.286132812500085
116 -60.654296875000014
117 -63.041992187500036
118 -65.38085937500001
119 -67.66601562500007
120 -69.94140625000009
121 -72.20214843750009
122 -74.44824218750004
123 -76.70410156250004
124 -78.91601562500006
125 -81.06445312500004
126 -83.23242187500004
127 -85.37597656250007
128 -87.44140625000007
129 -89.47753906250011
130 -91.52343750000014
131 -93.53515625000009
132 -95.50292968750004
133 -97.47070312500014
134 -99.37011718750011
135 -101.23535156250016
136 -103.15917968750016
137 -105.01464843750006
138 -106.74316406250014
139 -108.45703125000011
140 -110.20019531250014
141 -111.88476562500013
142 -113.51562500000011
143 -115.16601562500009
144 -116.72851562500011
145 -118.27148437500007
146 -119.79003906250018
147 -121.24023437500017
148 -122.64160156250001
149 -124.06250000000013
150 -125.41992187500014
151 -126.68457031250016
152 -127.99316406250017
153 -129.20898437500014
154 -130.37597656250009
155 -131.5673828125002
156 -132.6269531250001
157 -133.7011718750001
158 -134.75585937500006
159 -135.73242187500014
160 -136.69921875000006
161 -137.5732421875001
162 -138.41308593750014
163 -139.18457031250014
164 -139.96093750000017
165 -140.68359375000009
166 -141.36230468750014
167 -142.0410156250001
168 -142.62695312500006
169 -143.14941406250014
170 -143.65234375000017
171 -144.14062500000026
172 -144.50195312500006
173 -144.8925781250001
174 -145.19042968750014
175 -145.4394531250001
176 -145.63964843750023
177 -145.8593750000001
178 -145.9863281250001
179 -146.07910156250017
