0 455.3369140625
1 455.38085937499994
2 455.24414062499994
3 454.99999999999994
4 454.58496093749994
5 454.0673828125
6 453.41796874999994
7 452.5439453125
8 451.6064453125
9 450.51757812499994
10 449.3408203125
11 447.95410156249994
12 446.41601562499994
13 444.8193359375
14 442.9980468749999
15 441.10351562499994
16 439.0771484374999
17 436.93847656249994
18 434.5947265625
19 432.19726562499994
20 429.63378906249994
21 426.92382812499994
22 424.0917968749999
23 421.17675781249994
24 418.0664062499999
25 414.9121093749999
26 411.5380859374999
27 408.1787109374999
28 404.54589843749994
29 400.859375
30 397.07519531249994
31 393.1054687499999
32 389.0283203124999
33 384.9121093749999
34 380.61523437499983
35 376.20605468749983
36 371.71386718749994
37 367.0751953124999
38 362.3144531249999
39 357.5195312499999
40 352.50976562499994
41 347.4902343749999
42 342.2949218749998
43 337.0458984374999
44 331.70898437499983
45 326.1669921874998
46 320.62011718749983
47 314.9560546874999
48 309.19921874999983
49 303.3593749999998
50 297.42187499999983
51 291.3574218749999
52 285.2685546874998
53 279.00390624999983
54 272.7246093749998
55 266.33789062499966
56 259.91210937500006
57 253.4521484375002
58 246.74804687500014
59 240.10742187500014
60 233.33496093750026
61 226.55761718750014
62 219.68750000000017
63 212.67089843750014
64 205.71289062500017
65 198.5839843750002
66 191.45507812500014
67 184.30664062500017
68 176.9873046875001
69 169.6923828125001
70 162.38769531250014
71 154.95605468750014
72 147.45605468750014
73 140.0048828125001
74 132.5000000000001
75 124.90722656250009
76 117.28515625000013
77 109.67773437500009
78 101.9726562500001
79 94.20898437500009
80 86.53320312500007
81 78.74511718750004
82 71.03515625000009
83 63.21289062500007
84 55.375976562500014
85 47.57324218750003
86 39.67773437499999
87 31.874999999999986
88 24.028320312500018
89 16.147460937500025
90 8.208007812500002
91 0.4052734374999645
92 -7.509765624999998
93 -15.312500000000007
94 -23.21777343750009
95 -31.113281250000043
96 -38.906250000000085
97 -46.75781250000008
98 -54.57031250000005
99 -62.41699218750008
100 -70.12695312500011
101 -77.88085937500003
102 -85.61035156250016
103 -93.28125000000013
104 -100.95214843750011
105 -108.57421875000011
106 -116.2255859375001
107 -123.75000000000017
108 -131.3232421875002
109 -138.8232421875001
110 -146.2402343750001
111 -153.68164062500014
112 -160.9912109375001
113 -168.35449218750017
114 -175.57128906250023
115 -182.76367187500017
116 -189.90234375000017
117 -196.9970703125002
118 -203.9794921875002
119 -210.93750000000017
120 -217.8369140625002
121 -224.6972656250002
122 -231.41601562500017
123 -238.12988281250023
124 -244.6728515624998
125 -251.13769531249986
126 -257.65624999999983
127 -264.0478515624999
128 -270.34179687499983
129 -276.4843749999998
130 -282.6416015624998
131 -288.66210937499983
132 -294.57031249999983
133 -300.4980468749999
134 -306.20605468749983
135 -311.91406249999983
136 -317.45605468749983
137 -322.9394531249999
138 -328.2763671874999
139 -333.5253906249999
140 -338.78417968749983
141 -343.76953124999994
142 -348.73535156249983
143 -353.59863281249994
144 -358.3544921874998
145 -362.9687499999999
146 -367.4853515624999
147 -371.85546875
148 -376.1474609374999
149 -380.33691406249994
150 -384.3310546874999
151 -388.3398437499999
152 -392.1972656249999
153 -395.88867187499994
154 -399.41894531249994
155 -402.8417968749999
156 -406.18164062499994
157 -409.33593749999994
158 -412.4804687499999
159 -415.43945312499994
160 -418.232421875
161 -421.0058593749999
162 -423.50585937499994
163 -425.91796874999994
164 -428.2861328124999
165 -430.41015625
166 -432.47070312499994
167 -434.41406249999994
168 -436.1328124999999
169 -437.78320312499994
170 -439.326171875
171 -440.63476562499994
172 -441.98730468749994
173 -442.98339843749994
174 -443.9453125
175 -444.79003906249994
176 -445.47851562499994
177 -446.02050781249994
178 -446.48925781249994
179 -446.7578124999999
