0 154.58984375000017
1 154.59960937500017
2 154.5654296875002
3 154.52148437500023
4 154.37500000000006
5 154.23339843750006
6 154.0136718750002
7 153.73535156250006
8 153.4521484375002
9 153.1054687500002
10 152.68066406250014
11 152.20214843750014
12 151.7285156250001
13 151.18164062500017
14 150.61523437500017
15 149.96582031250003
16 149.2968750000001
17 148.57421875000017
18 147.80761718750014
19 147.0019531250001
20 146.1474609375001
21 145.26855468750023
22 144.35546875000017
23 143.35449218750017
24 142.3583984375002
25 141.26464843750017
26 140.1708984375
27 139.0332031250001
28 137.84667968750009
29 136.61132812500009
30 135.33203125000009
31 134.02343750000017
32 132.6904296875001
33 131.31347656250009
34 129.921875
35 128.4228515625
36 126.89941406250004
37 125.3857421875001
38 123.82324218750018
39 122.19238281250009
40 120.55175781250007
41 118.87695312500016
42 117.1093750000001
43 115.40527343750013
44 113.60839843750014
45 111.77246093750004
46 109.921875
47 108.03710937500003
48 106.13769531250009
49 104.17968750000003
50 102.18750000000004
51 100.16601562500004
52 98.1494140625
53 96.09863281250009
54 94.00390625000004
55 91.87011718749999
56 89.72167968750011
57 87.5439453125001
58 85.36132812500009
59 83.13476562500006
60 80.86914062500009
61 78.65234375000004
62 76.35742187499997
63 73.98925781250001
64 71.6748046875001
65 69.32617187500001
66 66.96289062500007
67 64.53125000000001
68 62.12402343750001
69 59.6923828125
70 57.23632812500004
71 54.79492187500007
72 52.29980468750001
73 49.77050781250003
74 47.290039062500064
75 44.74121093750008
76 42.22167968750004
77 39.682617187499964
78 37.13378906249998
79 34.56542968750001
80 31.98242187499997
81 29.37988281249998
82 26.762695312500057
83 24.218749999999982
84 21.586914062500018
85 19.01367187500003
86 16.376953124999954
87 13.769531249999911
88 11.093749999999986
89 8.515624999999998
90 5.864257812499996
91 3.247070312500017
92 0.6005859374999534
93 -2.026367187499989
94 -4.594726562500012
95 -7.2460937500000435
96 -9.858398437500055
97 -12.480468749999945
98 -15.058593750000043
99 -17.641601562500025
100 -20.283203125000064
101 -22.832031250000025
102 -25.385742187500032
103 -28.00292968750012
104 -30.551757812500025
105 -33.12011718750002
106 -35.634765625000036
107 -38.12499999999999
108 -40.68847656250002
109 -43.20312500000001
110 -45.649414062500085
111 -48.14453125000009
112 -50.58105468750004
113 -53.05664062500007
114 -55.4638671875001
115 -57.8710937500001
116 -60.22949218750009
117 -62.55859375000006
118 -64.95117187500004
119 -67.26074218750006
120 -69.52148437500011
121 -71.8457031250001
122 -74.06738281250009
123 -76.31347656250004
124 -78.49121093750006
125 -80.71777343750009
126 -82.83691406250007
127 -84.95117187500004
128 -87.06054687500009
129 -89.10644531250006
130 -91.18164062500011
131 -93.20312500000003
132 -95.15625000000003
133 -97.10937500000006
134 -99.05761718750006
135 -100.95214843750009
136 -102.8515625000001
137 -104.63867187500003
138 -106.42578125000004
139 -108.15429687500011
140 -109.92675781250014
141 -111.63085937500011
142 -113.24707031250011
143 -114.89746093750017
144 -116.45019531250011
145 -118.03710937500011
146 -119.5166015625001
147 -121.0156250000001
148 -122.44140625000009
149 -123.84765625000013
150 -125.18554687500017
151 -126.49414062500003
152 -127.78320312500016
153 -129.02832031250014
154 -130.21972656250014
155 -131.35742187500017
156 -132.5000000000001
157 -133.5693359375001
158 -134.5947265625001
159 -135.6054687500001
160 -136.50878906250014
161 -137.4414062500001
162 -138.27148437500014
163 -139.0966796875001
164 -139.88769531250014
165 -140.59082031250003
166 -141.31347656250014
167 -141.94824218750017
168 -142.54394531250006
169 -143.08105468750003
170 -143.61816406250017
171 -144.0625000000001
172 -144.52148437500009
173 -144.85839843750014
174 -145.20507812500014
175 -145.47851562500009
176 -145.70312500000017
177 -145.90332031250014
178 -146.03027343750017
179 -146.1474609375002
