0 304.9658203124998
1 304.9755859374998
2 304.94628906249983
3 304.7656249999999
4 304.4921874999998
5 304.1943359374998
6 303.7109374999999
7 303.1933593749999
8 302.5683593749998
9 301.8310546874999
10 301.0205078124998
11 300.1562499999998
12 299.14062499999983
13 298.0761718749998
14 296.8945312499999
15 295.6787109374998
16 294.2968749999998
17 292.8564453124998
18 291.34277343749983
19 289.7119140624998
20 288.0371093749998
21 286.2402343749998
22 284.3847656249998
23 282.37304687499983
24 280.36132812499983
25 278.2958984374998
26 276.0595703124998
27 273.7158203124999
28 271.3671874999998
29 268.9013671874998
30 266.3671874999998
31 263.74511718749983
32 261.07421874999983
33 258.3007812500002
34 255.42480468750023
35 252.50488281250017
36 249.51660156250017
37 246.43066406250023
38 243.3056640625002
39 240.09277343750023
40 236.78222656250023
41 233.38378906250014
42 229.93164062500014
43 226.47949218750017
44 222.9003906250002
45 219.23339843750023
46 215.53222656250014
47 211.7919921875002
48 207.9150390625002
49 204.0087890625002
50 200.05859375000014
51 196.0400390625001
52 191.96289062500014
53 187.85156250000017
54 183.6474609375002
55 179.40429687500017
56 175.13671875000014
57 170.8105468750002
58 166.35253906250009
59 161.95312500000014
60 157.42675781250006
61 152.9101562500001
62 148.35449218750009
63 143.6523437500001
64 138.99902343750006
65 134.29687500000009
66 129.58007812500009
67 124.71679687500006
68 119.89257812500001
69 115.0390625000001
70 110.09765624999999
71 105.19531250000011
72 100.25878906250001
73 95.26855468750011
74 90.27343750000009
75 85.23925781250003
76 80.14648437500001
77 75.04394531250006
78 69.94140625000009
79 64.77539062499999
80 59.66796875000008
81 54.458007812499986
82 49.2968750000001
83 44.11621093750009
84 38.89648437499996
85 33.69140625000003
86 28.452148437500018
87 23.203124999999993
88 17.97363281249997
89 12.705078125000046
90 7.460937500000098
91 2.1777343749999623
92 -3.04687500000006
93 -8.305664062500107
94 -13.515625000000032
95 -18.730468750000007
96 -23.95019531250009
97 -29.248046875000018
98 -34.46777343749993
99 -39.63378906250009
100 -44.80468749999999
101 -50.0000000000001
102 -55.11718750000011
103 -60.26367187500001
104 -65.44921875000007
105 -70.50781250000004
106 -75.56152343750011
107 -80.58593750000013
108 -85.63476562500011
109 -90.59570312500004
110 -95.61035156250014
111 -100.53710937500016
112 -105.4199218750001
113 -110.31738281250011
114 -115.16601562500017
115 -119.95605468750017
116 -124.71679687500003
117 -129.46777343750017
118 -134.1748046875001
119 -138.76953125000009
120 -143.3300781250001
121 -147.88085937500014
122 -152.39257812500014
123 -156.9238281250001
124 -161.2792968750002
125 -165.58593750000023
126 -169.9267578125002
127 -174.16992187500017
128 -178.3789062500001
129 -182.52441406250017
130 -186.6503906250002
131 -190.65429687500014
132 -194.61914062500014
133 -198.5302734375002
134 -202.35351562500023
135 -206.14257812500017
136 -209.87792968750023
137 -213.5693359375002
138 -217.12890625000017
139 -220.67871093750017
140 -224.09667968750028
141 -227.48535156250023
142 -230.78125000000023
143 -234.01367187500023
144 -237.14843750000023
145 -240.2734374999998
146 -243.26660156249977
147 -246.21582031249977
148 -249.14062499999977
149 -251.91894531249986
150 -254.57519531249983
151 -257.24121093749983
152 -259.7998046874999
153 -262.25585937499983
154 -264.63378906249983
155 -266.9384765624999
156 -269.2236328124997
157 -271.3964843749999
158 -273.4423828124998
159 -275.3613281249999
160 -277.26562499999983
161 -279.09179687499983
162 -280.81542968749983
163 -282.4218749999998
164 -283.9501953124999
165 -285.4248046874999
166 -286.7871093749998
167 -288.0615234374998
168 -289.2919921874998
169 -290.41992187499983
170 -291.39648437499983
171 -292.3339843749998
172 -293.16406249999983
173 -293.86230468749983
174 -294.5654296874999
175 -295.12207031249983
176 -295.59082031249983
177 -295.96679687499983
178 -296.2548828124998
179 -296.46972656249983
