0 154.56054687500017
1 154.59472656250017
2 154.5800781250002
3 154.4921875000002
4 154.34082031250006
5 154.2138671875001
6 153.97460937500009
7 153.6962890625001
8 153.3935546875001
9 153.04199218750026
10 152.64648437500017
11 152.18261718750014
12 151.69921875000014
13 151.12792968750023
14 150.52246093750017
15 149.9072265625
16 149.22363281250014
17 148.54003906250014
18 147.75390625000017
19 146.9726562500001
20 146.103515625
21 145.20019531250023
22 144.2578125000002
23 143.2812500000002
24 142.23144531250009
25 141.2060546875001
26 140.10742187500006
27 138.9257812500002
28 137.73925781250003
29 136.48925781250017
30 135.26367187500003
31 133.93066406250009
32 132.60742187500017
33 131.20117187500014
34 129.7705078125001
35 128.2812500000001
36 126.79199218750014
37 125.29296875000017
38 123.67675781250013
39 122.04589843750003
40 120.41015625000016
41 118.71582031250009
42 117.02636718750014
43 115.27343750000004
44 113.45703125000014
45 111.64062500000013
46 109.78027343750007
47 107.86621093750004
48 105.98632812500009
49 104.00390625000006
50 102.03613281250001
51 100.02441406250007
52 98.01757812500009
53 95.91308593750003
54 93.80371093750003
55 91.67968750000011
56 89.5751953125001
57 87.37304687500006
58 85.19042968750007
59 82.99316406250007
60 80.72265625000009
61 78.48632812500006
62 76.12792968750007
63 73.83300781249996
64 71.46484375000009
65 69.12109375000006
66 66.74316406250006
67 64.37011718749999
68 61.938476562500064
69 59.501953125000064
70 57.05078125000007
71 54.60449218750008
72 52.09960937500008
73 49.62890625000011
74 47.104492187500014
75 44.531249999999964
76 42.01171875000001
77 39.51660156250003
78 36.93359375000002
79 34.37011718750002
80 31.81152343749996
81 29.19921875000006
82 26.601562499999982
83 24.023437499999968
84 21.435546875000018
85 18.75488281250001
86 16.14257812499997
87 13.53515625000004
88 10.917968750000007
89 8.305664062500023
90 5.678710937500026
91 3.061523437499991
92 0.43457031249999334
93 -2.1826171875000133
94 -4.780273437499982
95 -7.470703125000034
96 -10.04394531250008
97 -12.641601562499966
98 -15.253906250000032
99 -17.89550781250007
100 -20.488281250000018
101 -23.07128906250003
102 -25.61035156250002
103 -28.198242187500057
104 -30.727539062500032
105 -33.29101562500003
106 -35.82031250000014
107 -38.32519531250001
108 -40.84960937500007
109 -43.33984375000002
110 -45.825195312500036
111 -48.271484375000064
112 -50.732421875000014
113 -53.22265625000006
114 -55.62988281250003
115 -58.04199218750003
116 -60.40039062500011
117 -62.75878906250004
118 -65.11230468750007
119 -67.42187500000004
120 -69.73632812500011
121 -71.97265625000013
122 -74.21386718750003
123 -76.4257812500001
124 -78.63281250000004
125 -80.83496093750009
126 -82.99316406250007
127 -85.11230468750011
128 -87.21679687500009
129 -89.31640625000006
130 -91.31347656250009
131 -93.34960937500006
132 -95.31250000000013
133 -97.25097656250009
134 -99.1601562500001
135 -101.05957031250007
136 -102.9248046875001
137 -104.73632812500009
138 -106.50390625000003
139 -108.2910156250001
140 -110.02441406250016
141 -111.74316406250004
142 -113.38378906250016
143 -114.98535156250009
144 -116.55273437500007
145 -118.10546875000009
146 -119.59960937500009
147 -121.07910156250004
148 -122.48535156250007
149 -123.90625000000011
150 -125.23437500000009
151 -126.54785156250011
152 -127.86132812500011
153 -129.0673828125002
154 -130.28808593750009
155 -131.4111328125002
156 -132.53906250000014
157 -133.62304687500009
158 -134.6386718750001
159 -135.64453125000014
160 -136.5722656250001
161 -137.50000000000014
162 -138.30078125000009
163 -139.15039062500014
164 -139.88281250000017
165 -140.59570312500006
166 -141.31835937500017
167 -141.93847656250014
168 -142.51464843750009
169 -143.0712890625001
170 -143.60351562500017
171 -144.0478515625002
172 -144.47265625000006
173 -144.8242187500001
174 -145.17089843750017
175 -145.42968750000009
176 -145.6787109375002
177 -145.84960937500014
178 -145.99121093750014
179 -146.08886718750023
