0 455.28808593749994
1 455.37109374999994
2 455.2294921875
3 454.9853515625
4 454.58496093749994
5 454.07226562499994
6 453.41796874999994
7 452.59277343749994
8 451.669921875
9 450.58105468749994
10 449.37988281249994
11 448.01757812499994
12 446.45019531249983
13 444.9414062499999
14 443.14453125
15 441.2890625
16 439.27734374999994
17 437.06054687499994
18 434.70703125
19 432.33398437499994
20 429.81445312499994
21 427.13867187499994
22 424.29687499999994
23 421.36718749999994
24 418.26660156249994
25 415.0488281249999
26 411.7480468749999
27 408.3203124999999
28 404.73632812499994
29 401.0595703124999
30 397.3046874999999
31 393.3447265624999
32 389.27246093749983
33 385.1367187499999
34 380.85937499999983
35 376.42578124999983
36 372.03124999999983
37 367.32910156249994
38 362.5976562499997
39 357.74902343749983
40 352.7880859374998
41 347.74902343749983
42 342.58789062499983
43 337.3046874999999
44 331.95312499999983
45 326.4794921874998
46 320.9423828124999
47 315.2832031249998
48 309.55566406249983
49 303.7011718749998
50 297.7294921874999
51 291.6748046874997
52 285.56152343749983
53 279.37011718749983
54 273.0761718749998
55 266.7578124999998
56 260.25390624999983
57 253.76953125000017
58 247.11425781250026
59 240.5224609375001
60 233.7451171875001
61 226.89453125000017
62 219.98535156250017
63 213.1347656250002
64 206.1083984375002
65 198.99902343750017
66 191.9238281250002
67 184.67285156250017
68 177.36328125000017
69 170.06835937500009
70 162.70996093750017
71 155.3466796875001
72 147.91015625000014
73 140.43457031250009
74 132.8613281250001
75 125.32226562500013
76 117.7148437500001
77 110.05371093750007
78 102.35839843750006
79 94.72167968750006
80 86.99218750000013
81 79.22363281250006
82 71.44042968750006
83 63.63769531250005
84 55.88867187500004
85 47.998046875000064
86 40.14160156249991
87 32.294921874999964
88 24.428710937499957
89 16.577148437499993
90 8.647460937500018
91 0.7861328125000067
92 -7.099609374999955
93 -14.956054687499998
94 -22.82714843750003
95 -30.63964843750003
96 -38.56933593750001
97 -46.313476562500014
98 -54.15039062500013
99 -61.92382812500008
100 -69.73632812500011
101 -77.47558593750011
102 -85.18554687500007
103 -92.89550781250009
104 -100.53222656250007
105 -108.22265625000013
106 -115.83007812500013
107 -123.37890625000011
108 -130.90332031250006
109 -138.4228515625001
110 -145.8740234375001
111 -153.2958984375001
112 -160.62988281250017
113 -167.97363281250014
114 -175.20507812500017
115 -182.44628906250014
116 -189.55078125000017
117 -196.60156250000017
118 -203.65234375000023
119 -210.5615234375002
120 -217.4902343750002
121 -224.28222656250026
122 -231.0937500000002
123 -237.75390625000026
124 -244.30175781249983
125 -250.88867187499974
126 -257.2998046874998
127 -263.6474609374998
128 -269.9560546874997
129 -276.1376953124999
130 -282.2460937499999
131 -288.33007812499983
132 -294.2724609374999
133 -300.1171874999999
134 -305.88378906249983
135 -311.61621093749994
136 -317.2460937499998
137 -322.6416015624999
138 -328.0078124999999
139 -333.2958984374999
140 -338.4716796874999
141 -343.5351562499999
142 -348.46679687499983
143 -353.37890624999983
144 -358.10058593749994
145 -362.6708984374999
146 -367.22656249999994
147 -371.6357421875
148 -375.91796874999994
149 -380.11230468749983
150 -384.1503906249999
151 -388.11523437499994
152 -391.9140624999999
153 -395.62011718749994
154 -399.2285156249999
155 -402.74902343749994
156 -405.9960937499999
157 -409.2773437499999
158 -412.35351562499994
159 -415.25878906249994
160 -418.13964843749994
161 -420.771484375
162 -423.40332031249994
163 -425.82519531249994
164 -428.10546875
165 -430.30273437499994
166 -432.41210937499994
167 -434.26757812499994
168 -436.0595703124999
169 -437.71484374999994
170 -439.16992187499994
171 -440.59082031249983
172 -441.7822265625
173 -442.8955078124999
174 -443.90136718749994
175 -444.70703125
176 -445.4541015624999
177 -445.947265625
178 -446.43554687499994
179 -446.75292968749994
