0 304.96093749999983
1 305.03417968749983
2 304.94140624999983
3 304.74609374999983
4 304.50683593749983
5 304.1357421874998
6 303.68164062499983
7 303.1201171874999
8 302.4707031249998
9 301.7871093749999
10 300.96679687499983
11 300.0244140624998
12 299.02343749999983
13 297.9541015624998
14 296.7871093749999
15 295.5078124999998
16 294.16015624999983
17 292.75390624999983
18 291.19140624999983
19 289.61914062499983
20 287.85644531249983
21 286.0595703124998
22 284.2333984374997
23 282.21679687499966
24 280.18554687499983
25 278.0175781249997
26 275.8300781249998
27 273.5595703124998
28 271.1718749999998
29 268.7255859374998
30 266.1621093749998
31 263.53027343749983
32 260.8251953124997
33 258.0810546875002
34 255.22949218750023
35 252.28515625000014
36 249.32617187500028
37 246.18652343750023
38 243.00781250000026
39 239.77050781250014
40 236.50878906250017
41 233.09570312500023
42 229.68750000000026
43 226.16210937500017
44 222.6269531250002
45 218.95019531250014
46 215.20996093750023
47 211.44042968750026
48 207.57812500000023
49 203.68164062500023
50 199.72167968750009
51 195.72265625000017
52 191.6406250000001
53 187.5000000000001
54 183.33007812500014
55 179.0869140625002
56 174.77539062500017
57 170.4492187500002
58 166.06933593750017
59 161.5722656250002
60 157.04589843750014
61 152.53906250000009
62 147.94921875000014
63 143.30566406250009
64 138.62792968750017
65 133.93554687500009
66 129.1357421875
67 124.31640625000001
68 119.48730468750013
69 114.64355468750013
70 109.73144531250007
71 104.78027343750004
72 99.82421875000003
73 94.86816406250007
74 89.83886718750006
75 84.78515625000001
76 79.65332031250006
77 74.63867187500003
78 69.46777343750004
79 64.37500000000004
80 59.20898437500005
81 54.04785156249997
82 48.906250000000014
83 43.6523437500001
84 38.427734374999964
85 33.24707031250007
86 28.00292968750004
87 22.768554687499915
88 17.50976562499998
89 12.304687500000021
90 6.997070312500048
91 1.7333984375000333
92 -3.442382812500089
93 -8.69140624999995
94 -14.003906250000032
95 -19.194335937500057
96 -24.462890625000068
97 -29.67773437500007
98 -34.90722656250006
99 -40.03906250000014
100 -45.29296874999999
101 -50.42968750000007
102 -55.566406250000085
103 -60.70800781250011
104 -65.83984375000007
105 -70.91308593750011
106 -76.02539062500007
107 -81.0351562500001
108 -86.03515625000013
109 -91.01562500000004
110 -95.9716796875
111 -100.91796875000009
112 -105.80566406250011
113 -110.70312500000004
114 -115.546875
115 -120.33691406250013
116 -125.08789062500009
117 -129.8193359375002
118 -134.50195312500009
119 -139.1650390625002
120 -143.69628906250006
121 -148.28613281250009
122 -152.80761718750017
123 -157.23144531250017
124 -161.64062500000017
125 -165.98144531250026
126 -170.21484375000009
127 -174.48242187500009
128 -178.70605468750017
129 -182.84179687500014
130 -186.9580078125002
131 -190.9423828125002
132 -194.90722656250017
133 -198.77929687500023
134 -202.64160156250017
135 -206.4794921875002
136 -210.1318359375002
137 -213.83300781250026
138 -217.43652343750026
139 -220.92285156250017
140 -224.36523437500017
141 -227.7246093750002
142 -231.06933593750017
143 -234.24316406250017
144 -237.40234375000026
145 -240.49804687499972
146 -243.48632812499986
147 -246.43554687499977
148 -249.31640624999983
149 -252.08007812499977
150 -254.7851562499998
151 -257.4267578124998
152 -259.91699218749983
153 -262.3974609374997
154 -264.7998046874998
155 -267.10449218749983
156 -269.31640624999983
157 -271.46484374999983
158 -273.5546874999998
159 -275.56152343749983
160 -277.41699218749983
161 -279.1845703124999
162 -280.8642578124998
163 -282.51953124999983
164 -284.0478515624999
165 -285.48339843749983
166 -286.8798828124998
167 -288.0859374999999
168 -289.3310546874998
169 -290.4296874999999
170 -291.42089843749983
171 -292.3339843749998
172 -293.15429687499983
173 -293.89648437499994
174 -294.5214843749997
175 -295.13183593749983
176 -295.5615234374999
177 -295.9228515624999
178 -296.21582031249983
179 -296.4160156249999
