0 304.99999999999983
1 305.00976562499983
2 304.96582031249983
3 304.74609374999983
4 304.4775390624998
5 304.0722656249998
6 303.6083984374999
7 303.0957031249998
8 302.39746093749983
9 301.68457031249983
10 300.8251953124997
11 299.9267578124998
12 298.9160156249999
13 297.8808593749998
14 296.6748046874998
15 295.37597656249983
16 293.99414062499983
17 292.5976562499998
18 291.0498046874999
19 289.4091796874998
20 287.70019531249983
21 285.87402343749983
22 284.01367187499983
23 282.03124999999983
24 279.9316406249998
25 277.7978515624998
26 275.6103515624998
27 273.28124999999983
28 270.8691406249998
29 268.4570312499998
30 265.8496093749998
31 263.2275390624998
32 260.51757812499983
33 257.71972656250017
34 254.87792968750023
35 251.96289062500023
36 248.91113281250023
37 245.80078125000023
38 242.65136718750023
39 239.40917968750028
40 236.1279296875002
41 232.70996093750026
42 229.31640625000026
43 225.8154296875002
44 222.20703125000017
45 218.4716796875002
46 214.83886718750023
47 211.0302734375001
48 207.14843750000023
49 203.26171875000017
50 199.31640625000023
51 195.30273437500023
52 191.2011718750002
53 187.04101562500023
54 182.82226562500017
55 178.55468750000017
56 174.28222656250014
57 169.90234375000017
58 165.51269531250017
59 161.07910156250017
60 156.5869140625001
61 151.98730468750006
62 147.39746093750017
63 142.75390625000006
64 138.1054687500001
65 133.37890625000014
66 128.5839843750001
67 123.80859375000003
68 118.92578125000006
69 114.0771484375
70 109.12597656250006
71 104.2431640625
72 99.27734375000009
73 94.28710937500013
74 89.24804687499999
75 84.16503906250006
76 79.13574218750014
77 74.08203124999999
78 69.00878906250001
79 63.78417968750006
80 58.62792968750005
81 53.491210937500036
82 48.33007812499998
83 43.07617187500007
84 37.890624999999986
85 32.67089843749993
86 27.40722656250011
87 22.19238281250002
88 16.91894531249996
89 11.655273437500002
90 6.411132812500026
91 1.2011718750000455
92 -4.067382812500048
93 -9.331054687500034
94 -14.589843749999915
95 -19.819335937500014
96 -25.019531250000032
97 -30.27343750000008
98 -35.46875000000002
99 -40.644531250000085
100 -45.82031250000004
101 -50.9765625000001
102 -56.18652343750011
103 -61.240234375000064
104 -66.35742187500004
105 -71.51367187500001
106 -76.50390625
107 -81.59179687500016
108 -86.58691406250007
109 -91.57714843750003
110 -96.53808593750001
111 -101.49414062500011
112 -106.35253906250011
113 -111.24023437500018
114 -116.10839843750013
115 -120.89843750000016
116 -125.65429687500013
117 -130.36621093750014
118 -135.04394531250009
119 -139.63867187500017
120 -144.2285156250001
121 -148.73535156250014
122 -153.2324218750002
123 -157.71972656250017
124 -162.09960937500014
125 -166.43554687500014
126 -170.76660156250014
127 -174.95605468750017
128 -179.16503906250014
129 -183.2763671875001
130 -187.3876953125002
131 -191.3818359375002
132 -195.34179687500017
133 -199.2578125000002
134 -203.1054687500002
135 -206.8652343750002
136 -210.5810546875002
137 -214.19433593750014
138 -217.74902343750028
139 -221.2890625000002
140 -224.69238281250023
141 -228.07128906250028
142 -231.38183593750023
143 -234.56542968750014
144 -237.72949218750028
145 -240.82031249999977
146 -243.7939453124998
147 -246.73828124999974
148 -249.56542968749983
149 -252.38281249999983
150 -255.05859374999972
151 -257.6708984374998
152 -260.1855468749999
153 -262.64648437499983
154 -265.0390624999999
155 -267.3535156249998
156 -269.54101562499983
157 -271.7041015624998
158 -273.7158203124999
159 -275.67382812499983
160 -277.54882812499983
161 -279.31640624999983
162 -281.02050781249983
163 -282.65624999999983
164 -284.1552734374999
165 -285.6640624999999
166 -286.98730468749983
167 -288.2275390624998
168 -289.4042968749999
169 -290.5175781249998
170 -291.5380859374999
171 -292.39746093749983
172 -293.2080078124998
173 -293.9208984374999
174 -294.62402343749983
175 -295.1562499999998
176 -295.58105468749983
177 -295.9130859374998
178 -296.23535156249983
179 -296.33789062499983
