0 604.5605468750001
1 604.6533203125001
2 604.47265625
3 604.0820312500001
4 603.6230468750001
5 602.8369140625002
6 601.9677734375001
7 600.8789062500002
8 599.66796875
9 598.2128906250001
10 596.5185546875
11 594.7607421875001
12 592.7099609375001
13 590.5859375000001
14 588.2080078125001
15 585.6933593750001
16 583.0029296875001
17 580.126953125
18 577.0458984375001
19 573.828125
20 570.4296875000001
21 566.8896484375
22 563.115234375
23 559.08203125
24 554.9902343750001
25 550.8251953125
26 546.328125
27 541.7773437500001
28 536.9970703125001
29 532.1533203125001
30 527.0068359375001
31 521.8408203125001
32 516.4306640625
33 510.77636718749994
34 505.06347656250006
35 499.287109375
36 493.22753906250006
37 487.0556640625
38 480.75195312499994
39 474.31152343749994
40 467.7783203125
41 461.03027343749994
42 454.0771484375
43 447.07031249999994
44 439.89257812499994
45 432.6123046874999
46 425.2734374999999
47 417.64160156249994
48 410.00488281249994
49 402.18261718749983
50 394.35058593749994
51 386.19628906249994
52 378.1933593749999
53 369.8974609374999
54 361.50878906249983
55 353.0224609374999
56 344.35546874999983
57 335.75683593749983
58 326.9335937499999
59 318.0761718749998
60 309.02832031249983
61 299.98535156249983
62 290.7861328124999
63 281.61132812499983
64 272.18749999999983
65 262.8124999999998
66 253.31542968750026
67 243.71093750000023
68 234.0136718750002
69 224.38476562500017
70 214.55566406250023
71 204.6679687500001
72 194.68750000000017
73 184.77050781250014
74 174.7607421875001
75 164.67285156250014
76 154.54589843750014
77 144.32617187500014
78 134.21875000000009
79 123.84765625000013
80 113.68164062500009
81 103.3398437500001
82 92.98339843750014
83 82.6123046875
84 72.20214843750006
85 61.791992187500064
86 51.34765625000004
87 40.85937500000006
88 30.483398437500085
89 19.907226562500018
90 9.335937500000002
91 -1.1230468749999223
92 -11.572265625000078
93 -22.11425781250004
94 -32.43652343750006
95 -42.958984375000036
96 -53.41308593750002
97 -63.769531250000064
98 -74.21386718750006
99 -84.5214843750001
100 -94.91210937500011
101 -105.22949218750011
102 -115.57128906250014
103 -125.77148437500013
104 -135.9912109375001
105 -146.15722656250014
106 -156.2744140625001
107 -166.35742187500017
108 -176.25976562500017
109 -186.25000000000014
110 -196.23535156250017
111 -206.04492187500014
112 -215.89843750000014
113 -225.53222656250026
114 -235.2148437500002
115 -244.86328124999977
116 -254.29687499999974
117 -263.7695312499998
118 -272.98828124999983
119 -282.2314453124998
120 -291.4892578124998
121 -300.5664062499999
122 -309.5068359374999
123 -318.34472656249983
124 -327.1728515624999
125 -335.8837890624999
126 -344.44824218749994
127 -352.86132812499994
128 -361.3281249999999
129 -369.52148437499994
130 -377.7197265624999
131 -385.65917968749994
132 -393.62792968749994
133 -401.41601562499983
134 -409.0332031249999
135 -416.6259765624999
136 -424.01855468749994
137 -431.24999999999994
138 -438.40820312499994
139 -445.40527343749994
140 -452.3730468749999
141 -459.00390625
142 -465.68359375
143 -472.05078124999994
144 -478.37402343749994
145 -484.52636718750006
146 -490.4833984374999
147 -496.42578124999994
148 -502.0849609375
149 -507.6757812499999
150 -513.0957031250001
151 -518.291015625
152 -523.30078125
153 -528.3398437500001
154 -533.0810546875001
155 -537.646484375
156 -542.0654296875
157 -546.3134765625001
158 -550.4150390625
159 -554.4140625
160 -558.14453125
161 -561.6992187500001
162 -565.0976562500001
163 -568.3691406250001
164 -571.474609375
165 -574.3847656250001
166 -577.0410156250001
167 -579.541015625
168 -581.9384765625001
169 -584.1308593750001
170 -586.1035156250001
171 -587.9345703125001
172 -589.5654296875
173 -591.0595703125
174 -592.4023437500001
175 -593.4521484375
176 -594.3652343750001
177 -595.1318359375002
178 -595.6396484375001
179 -596.0107421875
