0 455.3369140625
1 455.42480468749994
2 455.3076171875
3 455.0830078125
4 454.68261718749994
5 454.15039062499994
6 453.52539062499994
7 452.72460937499994
8 451.7578124999999
9 450.68359374999994
10 449.453125
11 448.08593749999994
12 446.63085937499994
13 444.9609374999999
14 443.232421875
15 441.36230468750006
16 439.296875
17 437.20214843749994
18 434.89257812499994
19 432.42675781249994
20 429.9218749999999
21 427.1923828125
22 424.3652343749999
23 421.474609375
24 418.408203125
25 415.22949218749994
26 411.93847656249983
27 408.44726562499983
28 404.9072265624999
29 401.20117187499994
30 397.3681640624999
31 393.47656249999983
32 389.4140625
33 385.29785156249983
34 381.0058593749999
35 376.6162109374999
36 372.1044921874999
37 367.4999999999999
38 362.72460937499983
39 357.96874999999983
40 352.99316406249994
41 347.95410156249983
42 342.73925781249983
43 337.5097656249999
44 332.1582031249998
45 326.65527343749983
46 321.0595703124999
47 315.4345703124999
48 309.6972656249999
49 303.85742187499983
50 297.8808593749998
51 291.8847656249998
52 285.7861328124999
53 279.5361328124998
54 273.3056640624998
55 266.9628906249998
56 260.47851562499966
57 254.00878906250014
58 247.3583984375002
59 240.65429687500026
60 233.94531250000017
61 227.12402343750017
62 220.23925781250014
63 213.30078125000023
64 206.23535156250014
65 199.1455078125002
66 192.05566406250009
67 184.87304687500017
68 177.60742187500014
69 170.2880859375002
70 162.9394531250001
71 155.5957031250001
72 148.13476562500009
73 140.62500000000017
74 133.06640625000017
75 125.5371093750001
76 117.94921875000006
77 110.3173828125
78 102.63183593750006
79 94.96093750000009
80 87.22167968750003
81 79.45312500000001
82 71.69921875000013
83 63.88183593750008
84 56.06933593749999
85 48.25683593750008
86 40.41503906249999
87 32.543945312499986
88 24.672851562500043
89 16.831054687500043
90 8.876953124999975
91 1.02050781249996
92 -6.865234375000001
93 -14.731445312500007
94 -22.563476562500018
95 -30.449218750000064
96 -38.256835937500036
97 -46.103515625000064
98 -53.96484375000005
99 -61.738281250000085
100 -69.50195312500004
101 -77.29003906250001
102 -85.00976562500013
103 -92.67578125000003
104 -100.37109375000014
105 -108.00292968750011
106 -115.62011718750014
107 -123.19824218750017
108 -130.7080078125001
109 -138.20312500000014
110 -145.63476562500017
111 -153.0419921875002
112 -160.4248046875001
113 -167.74902343750023
114 -175.0000000000002
115 -182.21679687500017
116 -189.32617187500017
117 -196.43554687500017
118 -203.4716796875002
119 -210.40039062500023
120 -217.29003906250026
121 -224.1162109375002
122 -230.8837890625001
123 -237.56347656250023
124 -244.16503906249986
125 -250.66894531249983
126 -257.1289062499998
127 -263.5156249999999
128 -269.7949218749998
129 -275.9814453124998
130 -282.13867187499983
131 -288.16894531249983
132 -294.0820312499999
133 -299.9609374999999
134 -305.7666015624998
135 -311.47460937499983
136 -317.08496093749983
137 -322.5244140624999
138 -327.94433593749983
139 -333.18847656249983
140 -338.32031249999983
141 -343.43749999999983
142 -348.4277343749999
143 -353.2763671874999
144 -358.0468749999999
145 -362.63183593749983
146 -367.13867187499994
147 -371.53808593749994
148 -375.82519531249994
149 -380.0244140625
150 -384.12597656249994
151 -388.0712890624999
152 -391.91406249999983
153 -395.57617187499994
154 -399.1503906249999
155 -402.61718749999994
156 -406.0009765625
157 -409.14062499999994
158 -412.294921875
159 -415.2636718749999
160 -418.11523437499994
161 -420.74218749999994
162 -423.3300781249999
163 -425.72265624999994
164 -428.14941406249994
165 -430.2734374999999
166 -432.3583984374999
167 -434.228515625
168 -436.08398437499994
169 -437.75390625
170 -439.2578124999999
171 -440.59570312499994
172 -441.8994140625
173 -442.998046875
174 -443.9990234375
175 -444.80468749999994
176 -445.4638671875
177 -446.03515624999994
178 -446.513671875
179 -446.73828124999994
