0 455.2978515625
1 455.37597656249994
2 455.21484375
3 454.9560546874999
4 454.51171874999994
5 453.95019531249994
6 453.28124999999994
7 452.40234375
8 451.4794921874999
9 450.400390625
10 449.12109375
11 447.76367187499994
12 446.2841796875
13 444.63867187499994
14 442.83691406249994
15 440.9033203124999
16 438.8720703125
17 436.70898437499994
18 434.41406249999994
19 431.92382812499983
20 429.37011718749994
21 426.65039062499994
22 423.8427734374999
23 420.86425781249994
24 417.7294921874999
25 414.55566406249994
26 411.2499999999999
27 407.76367187500006
28 404.1699218749999
29 400.5029296874999
30 396.69433593749994
31 392.7197265624999
32 388.59863281249983
33 384.49218749999983
34 380.1123046874999
35 375.72753906249983
36 371.1962890624999
37 366.5820312499999
38 361.8017578124999
39 356.98730468749983
40 351.98242187499983
41 346.8798828124999
42 341.7285156249999
43 336.4404296874999
44 331.09374999999983
45 325.5029296874999
46 319.93164062499983
47 314.3017578124999
48 308.5205078124997
49 302.6367187499999
50 296.7382812499998
51 290.6787109374999
52 284.50683593749983
53 278.3349609374998
54 272.0068359374998
55 265.6298828124998
56 259.20410156250017
57 252.64160156250014
58 246.07421875000023
59 239.3603515625002
60 232.57324218750023
61 225.7470703125002
62 218.89648437500014
63 211.9140625000002
64 204.87304687500017
65 197.82714843750014
66 190.66406250000017
67 183.42773437500023
68 176.19140625000014
69 168.80859375000009
70 161.4550781250002
71 154.11621093750009
72 146.59667968750014
73 139.08203125000014
74 131.61132812500009
75 124.02343750000011
76 116.44042968750007
77 108.89648437500007
78 101.11816406250007
79 93.38867187500009
80 85.7177734375
81 77.939453125
82 70.16113281250003
83 62.426757812500064
84 54.51171875000005
85 46.73828125000007
86 38.872070312500036
87 30.966796875000007
88 23.15917968750006
89 15.312500000000007
90 7.397460937499961
91 -0.5175781249999456
92 -8.364257812500053
93 -16.19140625000001
94 -24.121093750000018
95 -31.992187500000046
96 -39.83886718750013
97 -47.67578125000008
98 -55.468750000000064
99 -63.23730468750011
100 -71.0009765625001
101 -78.74511718750004
102 -86.45507812500009
103 -94.17968750000006
104 -101.85546875000016
105 -109.49218750000011
106 -117.11914062500011
107 -124.69726562500014
108 -132.1679687500001
109 -139.64843750000014
110 -147.0800781250001
111 -154.49218750000014
112 -161.8212890625001
113 -169.18457031250014
114 -176.37207031250017
115 -183.51074218750017
116 -190.7080078125002
117 -197.76367187500017
118 -204.7900390625002
119 -211.73828125000023
120 -218.6376953125002
121 -225.44433593750023
122 -232.14843750000028
123 -238.7988281250002
124 -245.38085937499983
125 -251.94335937499977
126 -258.3105468749998
127 -264.72167968749983
128 -271.0009765624998
129 -277.2119140624998
130 -283.34472656249983
131 -289.3115234374999
132 -295.2392578124999
133 -301.0546874999998
134 -306.83105468749983
135 -312.4999999999998
136 -318.0175781249999
137 -323.4912109374999
138 -328.88183593749983
139 -334.09667968749983
140 -339.29199218749983
141 -344.3505859374999
142 -349.2138671874999
143 -354.0917968749999
144 -358.80371093749983
145 -363.45214843749994
146 -367.9443359374999
147 -372.35351562499983
148 -376.63574218749983
149 -380.7763671874999
150 -384.8193359374999
151 -388.7158203124999
152 -392.53417968749994
153 -396.2304687499999
154 -399.7900390625
155 -403.2080078125
156 -406.5429687499999
157 -409.7021484374999
158 -412.7880859374999
159 -415.71289062499994
160 -418.50585937499983
161 -421.20117187499994
162 -423.7646484375
163 -426.13769531249994
164 -428.4912109375
165 -430.6640624999999
166 -432.67089843749994
167 -434.5654296874999
168 -436.2744140624999
169 -437.93945312499994
170 -439.4287109374999
171 -440.80078125
172 -442.001953125
173 -443.07128906249994
174 -443.994140625
175 -444.78515624999994
176 -445.4833984375
177 -446.07421875000006
178 -446.4648437499999
179 -446.74316406249994
