0 604.5507812500001
1 604.5361328125001
2 604.453125
3 604.0380859375001
4 603.5253906250001
5 602.6953125000001
6 601.8701171875001
7 600.6884765625001
8 599.4384765625
9 597.9296875000001
10 596.279296875
11 594.5214843750001
12 592.4853515625001
13 590.283203125
14 587.9296875
15 585.3613281250001
16 582.6074218750001
17 579.7070312499999
18 576.6455078125
19 573.427734375
20 569.9951171875001
21 566.40625
22 562.6367187500001
23 558.61328125
24 554.5605468750001
25 550.3173828125001
26 545.8154296875001
27 541.2109375
28 536.396484375
29 531.4892578125
30 526.3427734375
31 521.142578125
32 515.7177734375
33 510.0976562500001
34 504.44335937499994
35 498.55957031250006
36 492.5048828125
37 486.3427734375
38 480.0195312499999
39 473.55957031249994
40 466.91894531249994
41 460.2001953125
42 453.32519531249994
43 446.19140624999994
44 439.01367187499994
45 431.7724609374999
46 424.39941406249983
47 416.72851562499994
48 409.04296874999994
49 401.2988281249999
50 393.3349609374999
51 385.3076171874999
52 377.1679687499999
53 368.9013671874999
54 360.54199218749983
55 352.03613281249983
56 343.43261718749983
57 334.7363281249999
58 325.9130859374999
59 317.0312499999999
60 308.00292968749983
61 298.90624999999983
62 289.76074218749983
63 280.45410156249983
64 271.06933593749983
65 261.6992187499998
66 252.16796875000026
67 242.67089843750026
68 232.9101562500002
69 223.2324218750002
70 213.41796875000023
71 203.52539062500014
72 193.57910156250017
73 183.59863281250014
74 173.61328125000017
75 163.48632812500017
76 153.3984375000001
77 143.2128906250002
78 132.9882812500001
79 122.73925781250009
80 112.42675781250009
81 102.09472656250007
82 91.76269531250006
83 81.37207031250013
84 70.98144531250006
85 60.620117187499986
86 50.12207031250004
87 39.68261718750002
88 29.213867187499993
89 18.823242187500007
90 8.21777343750002
91 -2.21191406250007
92 -12.749023437499979
93 -23.22265625000003
94 -33.73046875000008
95 -44.160156250000085
96 -54.58007812500004
97 -64.99023437500001
98 -75.35644531250013
99 -85.75195312500014
100 -96.02050781250007
101 -106.38183593750011
102 -116.73339843750011
103 -126.91406250000017
104 -137.1093750000001
105 -147.30957031250014
106 -157.42187500000017
107 -167.51464843750014
108 -177.3974609375002
109 -187.38281250000017
110 -197.41699218750023
111 -207.18261718750028
112 -216.84570312500017
113 -226.66503906250026
114 -236.35742187500023
115 -245.85937499999983
116 -255.31249999999977
117 -264.70214843749983
118 -274.12109374999983
119 -283.29101562499983
120 -292.49023437499983
121 -301.56249999999983
122 -310.5224609374998
123 -319.4921874999999
124 -328.1591796874999
125 -336.7968749999999
126 -345.3027343749999
127 -353.79882812499983
128 -362.1972656249999
129 -370.3613281249999
130 -378.5156249999999
131 -386.5966796874999
132 -394.3896484374999
133 -402.2216796874999
134 -409.9121093749999
135 -417.4658203124999
136 -424.8193359375
137 -432.07519531249994
138 -439.18945312499994
139 -446.1767578125
140 -453.02246093749994
141 -459.7314453125
142 -466.39648437500006
143 -472.77343749999994
144 -479.033203125
145 -485.205078125
146 -491.15722656250006
147 -496.98730468749994
148 -502.67578125
149 -508.23242187500006
150 -513.6083984375001
151 -518.779296875
152 -523.8720703125001
153 -528.76953125
154 -533.4960937500001
155 -538.0712890625
156 -542.5439453125
157 -546.7285156249999
158 -550.8642578125
159 -554.74609375
160 -558.486328125
161 -561.9921875
162 -565.4150390625
163 -568.7304687500001
164 -571.6845703125001
165 -574.5117187500001
166 -577.2265625000001
167 -579.7314453125001
168 -582.1191406250001
169 -584.248046875
170 -586.1914062500001
171 -587.9296875000002
172 -589.6240234375001
173 -591.0595703125001
174 -592.3632812500001
175 -593.4228515625002
176 -594.3017578125001
177 -595.0830078125001
178 -595.64453125
179 -595.9472656250001
