0 604.5996093750001
1 604.6923828125001
2 604.5849609375
3 604.2626953125001
4 603.8085937500002
5 603.017578125
6 602.1240234375
7 601.044921875
8 599.8046875
9 598.3837890625001
10 596.7919921875001
11 594.94140625
12 592.9589843750001
13 590.888671875
14 588.5351562500001
15 586.0498046875
16 583.3203125000001
17 580.52734375
18 577.3535156250001
19 574.1455078125001
20 570.7958984375
21 567.1826171875001
22 563.4423828125
23 559.51171875
24 555.419921875
25 551.240234375
26 546.8115234375001
27 542.1533203125
28 537.470703125
29 532.5390624999999
30 527.4609375
31 522.2705078125
32 516.8603515625001
33 511.3720703125001
34 505.60546875
35 499.71191406250006
36 493.78906249999994
37 487.6708984375
38 481.4257812499999
39 474.873046875
40 468.33984375
41 461.5576171875
42 454.74609374999994
43 447.734375
44 440.5566406249999
45 433.2958984374999
46 425.8935546874999
47 418.3544921874999
48 410.69335937499994
49 402.9394531249999
50 395.10742187499983
51 386.98242187499994
52 378.82324218749983
53 370.5517578124999
54 362.23632812499994
55 353.79882812499983
56 345.2050781249999
57 336.49902343749983
58 327.70996093749983
59 318.8671874999999
60 309.81445312499983
61 300.81542968749983
62 291.6064453124997
63 282.30957031249983
64 273.0566406249998
65 263.6035156249998
66 254.12597656250026
67 244.5458984375002
68 234.82910156250023
69 225.1367187500002
70 215.3710937500002
71 205.5273437500002
72 195.65429687500014
73 185.67382812500014
74 175.6250000000001
75 165.5517578125001
76 155.41992187500014
77 145.23437500000017
78 135.0488281250001
79 124.80957031250014
80 114.53125000000009
81 104.26757812500013
82 93.82324218750004
83 83.45703125000006
84 73.06640625000007
85 62.62695312499999
86 52.207031250000064
87 41.69433593750005
88 31.284179687500025
89 20.87890625000005
90 10.244140625000009
91 -0.15624999999999667
92 -10.654296874999996
93 -21.13769531250001
94 -31.655273437500075
95 -42.11914062500002
96 -52.50488281250004
97 -62.95898437500006
98 -73.36914062500011
99 -83.7158203125001
100 -94.0673828125001
101 -104.37011718750011
102 -114.7314453125001
103 -124.91210937500014
104 -135.08789062500014
105 -145.3369140625001
106 -155.44433593750014
107 -165.55664062500017
108 -175.51757812500017
109 -185.46875000000014
110 -195.41015625000028
111 -205.2978515625002
112 -215.06347656250023
113 -224.7949218750002
114 -234.45800781250023
115 -244.05761718749977
116 -253.5888671874998
117 -262.9248046874998
118 -272.3486328124998
119 -281.66015624999983
120 -290.7763671874999
121 -299.85839843749983
122 -308.83300781249983
123 -317.71484374999983
124 -326.5283203124999
125 -335.1855468749999
126 -343.7841796874999
127 -352.19726562499994
128 -360.6201171874999
129 -368.9160156249999
130 -377.041015625
131 -385.0390624999999
132 -392.98339843749994
133 -400.7617187499999
134 -408.44238281249994
135 -416.07910156249994
136 -423.42773437499994
137 -430.67382812499994
138 -437.88085937499994
139 -444.85839843749994
140 -451.8017578125
141 -458.54003906250006
142 -465.146484375
143 -471.59667968749994
144 -477.95898437499994
145 -484.05761718749994
146 -490.14648437500006
147 -496.01074218749994
148 -501.62597656249994
149 -507.314453125
150 -512.6806640625
151 -517.900390625
152 -522.998046875
153 -527.939453125
154 -532.7880859375
155 -537.3193359374999
156 -541.7919921875001
157 -546.0107421875
158 -550.1367187500001
159 -554.0869140625001
160 -557.822265625
161 -561.4257812500001
162 -564.8583984375001
163 -568.2226562500001
164 -571.2548828125001
165 -574.16015625
166 -576.8505859375
167 -579.4433593750001
168 -581.7919921875
169 -584.0136718750002
170 -585.9960937500001
171 -587.7978515625001
172 -589.4335937500001
173 -590.9179687500001
174 -592.2705078125001
175 -593.4179687500001
176 -594.3505859375001
177 -595.1269531250001
178 -595.6396484375001
179 -596.0058593750001
