0 604.4873046875
1 604.5849609375
2 604.3701171875
3 604.1308593750001
4 603.6621093750001
5 602.9638671875001
6 602.0800781250001
7 600.9423828125001
8 599.6923828125
9 598.2666015625
10 596.650390625
11 594.8486328125
12 592.8759765625
13 590.6835937500001
14 588.3837890625001
15 585.8398437500001
16 583.115234375
17 580.2490234375
18 577.1728515625001
19 573.984375
20 570.6298828125001
21 567.08984375
22 563.3251953125001
23 559.3750000000001
24 555.3173828125
25 551.03515625
26 546.6162109375001
27 542.0556640625
28 537.2998046874999
29 532.3095703125
30 527.2802734375001
31 522.0654296874999
32 516.7089843749999
33 511.1181640625
34 505.44433593750006
35 499.501953125
36 493.56445312499994
37 487.3193359375001
38 481.1035156250001
39 474.55566406249994
40 468.02734374999994
41 461.36230468749994
42 454.4189453125
43 447.48046874999994
44 440.26367187499994
45 433.04199218749994
46 425.60546874999994
47 418.02246093749994
48 410.34667968749994
49 402.54882812499994
50 394.7119140624999
51 386.6699218749999
52 378.5742187499999
53 370.3613281249999
54 361.9287109374999
55 353.4521484374999
56 344.8535156249999
57 336.21093749999983
58 327.4121093749999
59 318.5009765624999
60 309.51660156249983
61 300.4589843749997
62 291.30859374999983
63 282.07519531249983
64 272.6904296874998
65 263.3349609374998
66 253.8183593750002
67 244.1455078125002
68 234.47265625000017
69 224.82421875000023
70 215.02441406250026
71 205.26855468750023
72 195.25390625000014
73 185.3613281250002
74 175.28320312500006
75 165.2587890625001
76 155.11230468750014
77 144.9462890625001
78 134.73632812500009
79 124.46289062500007
80 114.16992187500006
81 103.90625000000011
82 93.55468750000007
83 83.11523437500013
84 72.74414062500001
85 62.37304687500006
86 51.95800781250004
87 41.464843750000064
88 30.95214843750002
89 20.53222656249995
90 9.916992187500002
91 -0.49316406249999556
92 -10.991210937499968
93 -21.430664062499993
94 -31.899414062499964
95 -42.382812500000085
96 -52.81250000000007
97 -63.2177734375001
98 -73.64257812500006
99 -83.96972656250004
100 -94.35546875000011
101 -104.67773437500011
102 -114.98046875000014
103 -125.1904296875001
104 -135.4492187500001
105 -145.6152343750001
106 -155.75195312500014
107 -165.7812500000002
108 -175.7910156250002
109 -185.7128906250002
110 -195.6396484375002
111 -205.56152343750017
112 -215.34179687500023
113 -225.00976562500023
114 -234.75585937500023
115 -244.28710937499977
116 -253.8232421874998
117 -263.24218749999983
118 -272.5927734374998
119 -281.78710937499983
120 -291.02050781249983
121 -300.0097656249999
122 -309.07226562499983
123 -317.95410156249994
124 -326.7578124999999
125 -335.40527343749994
126 -343.95996093749994
127 -352.4218749999999
128 -360.8544921874999
129 -369.1259765624999
130 -377.28515624999994
131 -385.283203125
132 -393.13964843749983
133 -400.94726562499994
134 -408.61328124999983
135 -416.20117187499994
136 -423.61328124999994
137 -430.85937499999994
138 -438.03710937499994
139 -445.04882812499994
140 -451.9384765624999
141 -458.68652343749994
142 -465.29296875
143 -471.7333984375
144 -478.0517578125
145 -484.2138671875
146 -490.25390625000006
147 -496.0791015625
148 -501.75781249999994
149 -507.3291015625
150 -512.8124999999999
151 -517.9687500000001
152 -523.0810546875
153 -527.9931640625
154 -532.7587890625001
155 -537.3779296875001
156 -541.8310546875001
157 -546.1328125
158 -550.2978515625001
159 -554.16015625
160 -557.9541015625
161 -561.5234375
162 -564.9267578125001
163 -568.1787109375
164 -571.26953125
165 -574.1845703125
166 -576.9189453125001
167 -579.4091796875
168 -581.7431640625
169 -583.9697265625001
170 -586.0009765625
171 -587.8222656250001
172 -589.5849609375
173 -590.9130859375001
174 -592.3437500000001
175 -593.4228515625001
176 -594.2724609375001
177 -595.0195312500002
178 -595.5761718750001
179 -596.0449218750001
