0 304.94628906249983
1 304.99999999999983
2 304.90722656249983
3 304.74609374999983
4 304.49218749999983
5 304.0869140624998
6 303.64257812499983
7 303.13964843749983
8 302.52441406249983
9 301.8115234374999
10 300.95703124999983
11 300.0585937499998
12 299.0869140624998
13 297.9931640624998
14 296.8554687499998
15 295.58593749999983
16 294.23828124999983
17 292.7587890624999
18 291.2451171874998
19 289.6533203124998
20 287.92968749999983
21 286.2011718749997
22 284.2968749999998
23 282.3339843749998
24 280.2783203124998
25 278.1201171874998
26 275.9326171874997
27 273.64746093749983
28 271.26464843749983
29 268.86230468749983
30 266.2939453124997
31 263.63769531249983
32 260.95703124999983
33 258.17382812500017
34 255.36132812500017
35 252.4169921875002
36 249.3896484375002
37 246.33789062500023
38 243.16894531250023
39 239.9121093750002
40 236.6796875000002
41 233.29101562500023
42 229.80468750000026
43 226.35253906250017
44 222.7783203125002
45 219.13574218750017
46 215.43457031250017
47 211.62597656250017
48 207.83691406250023
49 203.87207031250017
50 199.91210937500009
51 195.88867187500009
52 191.82617187500014
53 187.71484375000009
54 183.53027343750023
55 179.23828125000014
56 174.96093750000014
57 170.62500000000017
58 166.24023437500017
59 161.8164062500001
60 157.2851562500001
61 152.7734375000002
62 148.14453125000009
63 143.52050781250023
64 138.87695312500009
65 134.14062500000006
66 129.39941406250014
67 124.62890625000009
68 119.70214843750013
69 114.8876953125001
70 109.95117187500006
71 105.00976562500014
72 100.0439453125
73 95.05859375000006
74 90.09277343750003
75 85.01953125000011
76 79.97070312499996
77 74.9023437500001
78 69.72167968750004
79 64.59960937500009
80 59.462890625000014
81 54.33593750000007
82 49.1064453125
83 43.95507812500005
84 38.745117187500036
85 33.530273437500036
86 28.266601562499993
87 23.01757812500005
88 17.73925781250002
89 12.56347656249998
90 7.280273437500012
91 2.0361328125000355
92 -3.198242187499978
93 -8.452148437500028
94 -13.706054687500052
95 -18.940429687499954
96 -24.16992187500003
97 -29.404296875000124
98 -34.628906250000064
99 -39.77050781250008
100 -44.9853515625
101 -50.18554687500007
102 -55.28808593750012
103 -60.45898437500002
104 -65.55175781250011
105 -70.63476562500007
106 -75.70312500000014
107 -80.74218750000003
108 -85.7910156250001
109 -90.77636718750016
110 -95.7421875000001
111 -100.64453125000011
112 -105.55175781250011
113 -110.48339843750004
114 -115.32226562500011
115 -120.08789062500023
116 -124.8242187500001
117 -129.58496093750009
118 -134.2333984375002
119 -138.8623046875001
120 -143.47656250000014
121 -148.03222656250017
122 -152.55371093750006
123 -156.9628906250001
124 -161.38671875000023
125 -165.7373046875001
126 -170.0488281250002
127 -174.28222656250014
128 -178.51074218750006
129 -182.6464843750002
130 -186.71875000000014
131 -190.7080078125001
132 -194.69238281250017
133 -198.60839843750026
134 -202.4511718750002
135 -206.25000000000014
136 -209.95605468750026
137 -213.63281250000023
138 -217.22656250000023
139 -220.7128906250002
140 -224.17480468750023
141 -227.53906250000023
142 -230.82031250000017
143 -234.09667968750017
144 -237.25097656250023
145 -240.35156249999977
146 -243.35449218749974
147 -246.26953124999974
148 -249.16503906249977
149 -252.00195312499986
150 -254.66796874999974
151 -257.3046874999998
152 -259.81933593749983
153 -262.3046874999998
154 -264.63867187499983
155 -266.9628906249998
156 -269.2382812499997
157 -271.3867187499999
158 -273.42285156249983
159 -275.3955078124999
160 -277.3095703124999
161 -279.12597656249983
162 -280.86914062499983
163 -282.4609374999998
164 -283.9697265624999
165 -285.4296874999998
166 -286.8554687499997
167 -288.0859374999999
168 -289.28222656249983
169 -290.3955078124998
170 -291.38183593749983
171 -292.3583984374998
172 -293.16406249999983
173 -293.9208984374999
174 -294.5361328124998
175 -295.0927734374998
176 -295.5322265624998
177 -295.97167968749983
178 -296.2744140624998
179 -296.4062499999999
