0 154.5800781250002
1 154.63378906250014
2 154.60937500000017
3 154.53613281250023
4 154.41406250000014
5 154.25292968750006
6 154.01367187500017
7 153.71582031250009
8 153.40820312500014
9 153.06640625000023
10 152.64648437500017
11 152.19726562500014
12 151.71386718750014
13 151.16699218750017
14 150.62500000000023
15 149.98046874999994
16 149.3017578125001
17 148.56445312500014
18 147.8222656250001
19 146.99218750000006
20 146.16699218750014
21 145.2392578125002
22 144.34082031250017
23 143.3398437500002
24 142.3095703125002
25 141.26464843750014
26 140.15625
27 139.02832031250014
28 137.87109375000003
29 136.56738281250014
30 135.29296875000014
31 133.97949218750009
32 132.62207031250014
33 131.25976562500009
34 129.85351562500003
35 128.36914062500006
36 126.83593750000011
37 125.32714843750014
38 123.7402343750002
39 122.17773437500004
40 120.5029296875001
41 118.8476562500001
42 117.1142578125001
43 115.35644531250009
44 113.51074218750016
45 111.72851562500009
46 109.8974609375
47 107.98828125000004
48 106.08886718750001
49 104.10644531249999
50 102.12890624999999
51 100.126953125
52 98.10058593750007
53 96.01074218750006
54 93.93554687500006
55 91.82128906249997
56 89.68261718750014
57 87.48535156250006
58 85.29296875000011
59 83.06640624999997
60 80.83496093750006
61 78.58398437500003
62 76.259765625
63 73.95019531250006
64 71.61621093750011
65 69.27246093750006
66 66.85546875000003
67 64.44824218750003
68 62.03613281250001
69 59.62402343749998
70 57.17285156250004
71 54.72656249999999
72 52.22167968750002
73 49.74609375000006
74 47.2265625000001
75 44.70703125000003
76 42.1435546875
77 39.589843749999964
78 37.05078125000006
79 34.467773437499986
80 31.90429687499999
81 29.32617187499997
82 26.733398437500057
83 24.135742187499975
84 21.51367187500003
85 18.89648437500002
86 16.323242187500032
87 13.686523437499986
88 11.074218750000087
89 8.432617187499908
90 5.81542968750004
91 3.1884765624999867
92 0.5859374999999389
93 -2.07031250000006
94 -4.648437499999936
95 -7.28027343750004
96 -9.916992187500028
97 -12.509765624999975
98 -15.117187500000018
99 -17.69531250000006
100 -20.34179687500004
101 -22.885742187500004
102 -25.48339843750003
103 -28.061523437500043
104 -30.61035156250003
105 -33.16406250000001
106 -35.71289062500011
107 -38.222656249999986
108 -40.73242187500009
109 -43.2275390625001
110 -45.72265625000008
111 -48.17871093750012
112 -50.66406250000002
113 -53.100585937500114
114 -55.5224609375001
115 -57.91503906250012
116 -60.273437500000135
117 -62.641601562500036
118 -64.99023437500001
119 -67.2753906250001
120 -69.57519531250011
121 -71.90429687500013
122 -74.12109375000006
123 -76.37207031250007
124 -78.52050781250009
125 -80.74707031250009
126 -82.89550781250001
127 -84.99511718750009
128 -87.10449218750007
129 -89.13574218750009
130 -91.22070312500011
131 -93.25195312500009
132 -95.25390625000007
133 -97.19726562500011
134 -99.07226562500004
135 -100.98632812500006
136 -102.83691406250009
137 -104.64355468750009
138 -106.47460937500009
139 -108.22265625000013
140 -109.9462890625002
141 -111.66015625000014
142 -113.30078125000013
143 -114.91699218750017
144 -116.47949218750009
145 -118.0517578125001
146 -119.52148437500007
147 -121.03027343750009
148 -122.43652343750011
149 -123.85742187500013
150 -125.20507812500014
151 -126.51367187500007
152 -127.8222656250001
153 -129.00878906250017
154 -130.2587890625001
155 -131.38671875000009
156 -132.5000000000001
157 -133.60839843750014
158 -134.6142578125001
159 -135.5957031250001
160 -136.49414062500006
161 -137.43164062500014
162 -138.27148437500003
163 -139.14062500000009
164 -139.8974609375002
165 -140.59082031250003
166 -141.31347656250017
167 -141.9726562500001
168 -142.53417968750003
169 -143.07617187500009
170 -143.58398437500014
171 -144.06250000000014
172 -144.49707031250009
173 -144.84375000000017
174 -145.16113281250017
175 -145.45898437500009
176 -145.6933593750002
177 -145.8984375000001
178 -145.99609375000014
179 -146.12792968750023
