1.700149994493963003e+09
1.700149995806721926e+09
1.700149997168196917e+09
1.700149998534424067e+09
1.700149999847960949e+09
1.700150001158672094e+09
1.700150002470240116e+09
1.700150003851161957e+09
1.700150005255846024e+09
1.700150006676958084e+09
1.700150008102413893e+09
1.700150009483190060e+09
1.700150010806832075e+09
1.700150011305027008e+09
1.700150046240623951e+09
1.700150047560281038e+09
1.700150048871123075e+09
1.700150050206531048e+09
1.700150051389343023e+09
1.700150057541019917e+09
1.700150058856364965e+09
1.700150060178394079e+09
1.700150061556492090e+09
1.700150062970258951e+09
1.700150064384649992e+09
1.700150065283799887e+09
1.700150073330981016e+09
1.700150074752491951e+09
1.700150076176178932e+09
1.700150077563008070e+09
1.700150078887387991e+09
1.700150080202229977e+09
1.700150080369256973e+09
1.700150112655656099e+09
1.700150114082156897e+09
1.700150115340246916e+09
1.700158954832710981e+09
1.700158956145796061e+09
1.700158957454159975e+09
1.700158958799642086e+09
1.700158960207952023e+09
1.700158961566694975e+09
1.700158962876064062e+09
1.700158964027955055e+09
1.700158970072120905e+09
1.700158971380194902e+09
1.700158972777406931e+09
1.700158974192429066e+09
1.700158975441035986e+09
1.700158982676135063e+09
1.700158984070969105e+09
1.700158985503015041e+09
1.700158986898133039e+09
1.700158987787381887e+09
1.700159014127372026e+09
1.700159015432993889e+09
1.700159016743325949e+09
1.700159017990025043e+09
1.700159028043678999e+09
1.700159029437928915e+09
1.700159030877923012e+09
1.700159032307482004e+09
1.700159032495455027e+09
1.700159045214916945e+09
1.700159046611491919e+09
1.700159048033365011e+09
1.700159049428683996e+09
1.700159050825700998e+09
1.700159052258670092e+09
1.700159053659264088e+09
1.700159054937515974e+09
1.700159059553697109e+09
1.700159061085556984e+09
1.700159062647912979e+09
1.700159064202101946e+09
1.700159065171365976e+09
1.700159074029165030e+09
1.700159075574243069e+09
1.700159077073184013e+09
1.700159078332890034e+09
1.700159118862543106e+09
1.700159120284981966e+09
1.700159121661314964e+09
1.700159123073719978e+09
1.700159124453448057e+09
1.700159125828293085e+09
1.700159127069535017e+09
1.700159134876004934e+09
1.700159136267929077e+09
1.700159137687350988e+09
1.700159139064351082e+09
1.700159139963336945e+09
1.700159151752676010e+09
1.700159153065229893e+09
1.700159153897967100e+09
1.700159162878017902e+09
1.700159164190776110e+09
1.700159165502695084e+09
1.700159166358412981e+09
1.700159173454174995e+09
1.700159174850176096e+09
1.700159176243582010e+09
1.700159177637209892e+09
1.700159179077946901e+09
1.700159180473941088e+09
1.700159181727865934e+09
1.700159249918853998e+09
1.700159251225085020e+09
1.700159252601300001e+09
1.700159254050580025e+09
1.700159255440144062e+09
1.700159256844583988e+09
1.700159258243557930e+09
1.700159259638573885e+09
1.700159261030513048e+09
1.700159262459960938e+09
1.700159262644251108e+09
1.700159293678808928e+09
1.700159294989732027e+09
1.700159296304215908e+09
1.700159297687290907e+09
1.700159299085951090e+09
1.700159299989125013e+09
1.700159306501529932e+09
1.700159307899168968e+09
1.700159309326551914e+09
1.700159310582973957e+09
1.700159316888578892e+09
1.700159318295609951e+09
1.700159319689467907e+09
1.700159321090117931e+09
1.700159322487509966e+09
1.700159323920350075e+09
1.700159325342266083e+09
1.700159326735780954e+09
1.700159328184458971e+09
1.700159329578397989e+09
1.700159331008230925e+09
1.700159332399900913e+09
1.700159333823287964e+09
1.700159335067868948e+09
1.700159348201294899e+09
1.700159349508033037e+09
1.700159350813627958e+09
1.700159352177141905e+09
1.700159353576119900e+09
1.700159354971275091e+09
1.700159356407980919e+09
1.700159357845107079e+09
1.700159359270462990e+09
1.700159360664674044e+09
1.700159362060741901e+09
1.700159363459580898e+09
1.700159364861192942e+09
1.700159366256365061e+09
1.700159367700165987e+09
1.700159369140598059e+09
1.700159370584153891e+09
1.700159372007642984e+09
1.700159373433868885e+09
1.700159374828008890e+09
1.700159375720982075e+09
1.700159398887106895e+09
1.700159400197299957e+09
1.700159401508323908e+09
1.700159402903234005e+09
1.700159404321183920e+09
1.700159405737855911e+09
1.700159407169724941e+09
1.700159408585167885e+09
1.700159409482958078e+09
1.700159416802252054e+09
1.700159418196172953e+09
1.700159419585279942e+09
1.700159420980448961e+09
1.700159422375324965e+09
1.700159423808832884e+09
1.700159425232743979e+09
1.700159426628588915e+09
1.700159428024245024e+09
1.700159429415185928e+09
1.700159430827904940e+09
1.700159432218947887e+09
1.700159432401443958e+09
1.700159512153846025e+09
1.700159513464131117e+09
1.700159514778796911e+09
1.700159516203937054e+09
1.700159517457104921e+09
1.700159527476295948e+09
1.700159528789632082e+09
1.700159529610872984e+09
1.700159551176333904e+09
1.700159552571949959e+09
1.700159553966470957e+09
1.700159555395175934e+09
1.700159556792592049e+09
1.700159558191648960e+09
1.700159559586760044e+09
1.700159560985898972e+09
1.700159561881474018e+09
1.700159571186585903e+09
1.700159572581203938e+09
1.700159574009593010e+09
1.700159575431777954e+09
1.700159576848624945e+09
1.700159578107340097e+09
1.700159608786772966e+09
1.700159610221892118e+09
1.700159611614000082e+09
1.700159613019115925e+09
1.700159614415294886e+09
1.700159615812683105e+09
1.700159617262458086e+09
1.700159617449273109e+09
1.700159627261812925e+09
1.700159628662296057e+09
1.700159630088041067e+09
1.700159631362627029e+09
1.700159637178668022e+09
1.700159638581738949e+09
1.700159639978589058e+09
1.700159641376600027e+09
1.700159642814944983e+09
1.700159644239154100e+09
1.700159645635651112e+09
1.700159646903590918e+09
1.700166090854183912e+09
1.700166092260067940e+09
1.700166093689223051e+09
1.700166094939305067e+09
1.700171348722867966e+09
1.700171350128531933e+09
1.700171351531795979e+09
1.700171352932324886e+09
1.700171354334533930e+09
1.700171355733001947e+09
1.700171357133640051e+09
1.700171358531995058e+09
1.700171359930265903e+09
1.700171361324438095e+09
1.700171362718784094e+09
1.700171364093655109e+09
1.700171365408956051e+09
1.700171366228682041e+09
1.700171385103418112e+09
1.700171386521935940e+09
1.700171387926676035e+09
1.700171389335918903e+09
1.700171390751343966e+09
1.700171392166219950e+09
1.700171393432094097e+09
1.700171432283248901e+09
1.700171433595439911e+09
1.700171434444133997e+09
