20 7.81738281249994
40 13.26660156250009
60 19.233398437500103
80 25.29785156249997
100 31.29882812500004
120 37.27539062500007
140 42.9345703125
160 49.096679687500114
180 55.190429687500014
200 61.030273437500036
220 66.90917968750001
240 72.90527343750014
260 78.98437500000003
280 85.17578125000006
300 91.1718750000001
320 97.07031250000006
340 103.02734375000011
360 108.97949218750014
380 114.85839843750009
400 120.91308593750011
420 127.0019531250001
440 133.01757812500009
460 139.04296875000014
480 145.2392578125001
500 151.1718750000001
520 157.4121093750001
540 162.95898437500017
560 169.25781250000017
580 175.43945312500009
600 181.76269531250014
620 187.81250000000017
640 193.36914062500023
660 198.69628906250017
680 205.03906250000017
700 210.8154296875002
720 217.51953125000017
740 223.4179687500002
760 229.47265625000017
780 235.1904296875002
800 242.1093750000002
820 247.74414062500026
840 253.59375000000017
860 259.20898437500006
880 265.25878906249983
900 271.3085937499998
920 277.6220703124998
940 283.04687499999983
960 288.6865234374998
980 294.86816406249983
1000 301.35253906249983
1020 307.3974609374999
1040 313.39355468749983
1060 318.8232421874998
1080 325.44921874999983
1100 331.45507812499983
1120 337.19726562499983
1140 343.3398437499999
1160 350.04394531249983
1180 355.9374999999999
1200 361.8505859374999
1220 366.8408203124999
1240 373.25683593749983
1260 379.60449218749983
1280 385.0146484374999
1300 391.3623046874999
1320 397.40722656249994
1340 403.24218749999983
1360 409.2578124999999
1380 416.07910156249983
1400 421.95312499999994
1420 427.2705078124999
1440 434.0576171874999
1460 440.12695312499994
1480 446.1523437499999
1500 451.72363281249994
1520 457.32910156249994
1540 464.3408203125
1560 470.2050781249999
1580 475.94238281249994
1600 481.5625
1620 487.58300781249994
1640 494.48242187499994
1660 499.43359374999994
1680 505.595703125
1700 512.6025390625
1720 518.0712890625
1740 524.296875
1760 529.7021484375001
1780 534.86328125
1800 541.7236328125
1820 547.9150390625
1840 554.7998046875
1860 560.8300781250001
1880 567.8857421875001
1900 572.2607421875001
1920 578.3203125
1940 583.6865234375001
1960 589.0136718750001
1980 595.537109375
